1001
seg 8 22 0
seg 9 17 0
seg 9 20 0
seg 10 12 0
seg 21 23 0
ter 10 13 0
ter 12 16 0
ter 12 21 0
ter 16 22 0
ter 22 23 0
seg 8 19 1
seg 9 14 1
seg 14 17 1
seg 16 20 1
seg 19 20 1
seg 22 23 1
ter 13 16 1
ter 17 22 1
seg 11 12 2
seg 11 16 2
seg 13 15 2
seg 16 21 2
seg 17 23 2
seg 18 19 2
seg 19 20 2
seg 19 23 2
seg 20 22 2
ter 8 22 2
ter 12 20 2
ter 20 23 2
seg 10 17 3
seg 15 16 3
seg 16 22 3
seg 18 21 3
seg 19 20 3
seg 19 21 3
seg 22 23 3
ter 11 21 3
ter 14 21 3
ter 20 22 3
seg 9 22 4
seg 11 23 4
seg 14 16 4
seg 18 21 4
seg 20 22 4
ter 11 12 4
ter 14 23 4
ter 17 19 4
ter 19 20 4
ter 20 22 4
seg 8 23 5
seg 10 20 5
seg 11 23 5
seg 17 21 5
seg 20 22 5
ter 9 19 5
ter 17 19 5
ter 17 20 5
ter 21 23 5
seg 10 12 6
seg 10 16 6
seg 11 17 6
seg 12 16 6
seg 19 23 6
seg 20 22 6
ter 8 15 6
ter 11 15 6
ter 13 22 6
ter 14 16 6
ter 19 22 6
seg 9 12 7
seg 10 16 7
seg 14 22 7
seg 16 19 7
seg 20 23 7
seg 21 22 7
seg 22 23 7
ter 9 15 7
ter 12 18 7
ter 22 23 7
seg 8 20 8
seg 9 10 8
seg 15 20 8
seg 16 20 8
seg 16 21 8
seg 16 22 8
ter 9 19 8
ter 12 16 8
ter 17 23 8
ter 18 19 8
ter 20 23 8
ter 21 22 8
seg 12 20 9
seg 17 21 9
seg 21 22 9
seg 21 23 9
seg 22 23 9
ter 9 16 9
ter 11 12 9
ter 14 15 9
ter 16 18 9
ter 16 20 9
ter 22 23 9
seg 8 11 10
seg 13 15 10
seg 14 23 10
seg 15 21 10
seg 15 22 10
ter 9 19 10
ter 12 23 10
ter 14 16 10
ter 15 23 10
ter 16 19 10
ter 16 23 10
seg 8 15 11
seg 10 17 11
seg 10 22 11
seg 13 21 11
seg 14 21 11
seg 21 22 11
ter 10 17 11
ter 13 18 11
seg 16 18 12
seg 17 20 12
seg 18 21 12
ter 8 12 12
ter 8 16 12
ter 8 21 12
ter 12 13 12
ter 16 18 12
ter 19 22 12
ter 22 23 12
seg 8 11 13
seg 9 23 13
seg 21 22 13
seg 21 23 13
ter 15 18 13
ter 19 22 13
ter 21 22 13
ter 22 23 13
seg 12 15 14
seg 17 18 14
seg 20 21 14
ter 8 20 14
ter 10 12 14
ter 12 15 14
ter 12 17 14
ter 13 22 14
ter 20 22 14
ter 21 23 14
ter 22 23 14
seg 14 17 15
seg 15 18 15
seg 21 22 15
ter 9 23 15
ter 13 15 15
ter 13 23 15
ter 14 19 15
ter 15 22 15
ter 17 23 15
ter 22 23 15
seg 12 20 16
seg 17 20 16
seg 20 21 16
seg 21 22 16
ter 10 15 16
ter 12 18 16
ter 13 16 16
ter 13 19 16
ter 19 21 16
ter 20 21 16
ter 21 23 16
seg 19 22 17
seg 20 23 17
seg 21 22 17
seg 22 23 17
ter 14 17 17
ter 15 16 17
ter 17 19 17
seg 8 17 18
seg 14 15 18
seg 15 18 18
seg 16 20 18
seg 17 20 18
seg 18 23 18
ter 8 19 18
ter 10 14 18
ter 15 17 18
ter 16 21 18
ter 17 21 18
seg 11 15 19
seg 19 20 19
seg 20 22 19
seg 20 23 19
seg 22 23 19
ter 14 23 19
ter 17 22 19
ter 19 22 19
ter 20 21 19
ter 20 22 19
seg 9 12 20
seg 15 20 20
seg 18 22 20
seg 20 23 20
ter 8 17 20
ter 10 11 20
ter 12 19 20
ter 13 19 20
ter 16 20 20
seg 15 16 21
seg 16 18 21
seg 16 22 21
seg 19 21 21
seg 20 22 21
seg 21 22 21
ter 10 15 21
ter 12 19 21
ter 13 17 21
ter 14 16 21
ter 15 18 21
ter 18 19 21
ter 21 22 21
seg 8 9 22
seg 8 23 22
seg 10 16 22
seg 11 20 22
seg 14 20 22
seg 15 22 22
ter 10 19 22
ter 18 20 22
ter 20 23 22
seg 11 16 23
seg 18 23 23
seg 22 23 23
ter 10 17 23
ter 12 14 23
ter 16 21 23
ter 16 22 23
ter 18 21 23
seg 12 13 24
seg 12 18 24
seg 14 17 24
ter 10 21 24
ter 11 13 24
ter 15 21 24
seg 8 14 25
seg 11 15 25
seg 12 16 25
seg 13 15 25
seg 21 22 25
ter 10 15 25
ter 10 23 25
ter 15 17 25
ter 15 19 25
ter 17 18 25
seg 13 17 26
seg 14 18 26
seg 15 19 26
seg 19 20 26
seg 22 23 26
ter 8 14 26
ter 12 19 26
ter 13 19 26
ter 14 16 26
ter 16 21 26
ter 20 22 26
ter 21 23 26
seg 8 9 27
seg 9 12 27
seg 13 18 27
seg 16 22 27
ter 13 19 27
seg 8 20 28
seg 11 23 28
seg 14 15 28
seg 16 17 28
seg 16 20 28
seg 17 18 28
seg 22 23 28
ter 9 12 28
ter 16 19 28
ter 18 20 28
ter 22 23 28
seg 12 14 29
seg 12 18 29
ter 10 14 29
ter 10 21 29
ter 14 21 29
ter 20 21 29
seg 16 20 30
ter 13 17 30
ter 20 21 30
ter 21 23 30
seg 13 20 31
seg 16 19 31
seg 20 22 31
seg 22 23 31
ter 8 17 31
ter 16 21 31
ter 19 23 31
seg 10 11 32
seg 18 20 32
seg 22 23 32
ter 9 12 32
ter 12 14 32
ter 12 21 32
ter 13 19 32
ter 13 23 32
ter 15 20 32
ter 15 21 32
ter 21 23 32
ter 22 23 32
seg 12 13 33
seg 17 23 33
seg 20 21 33
seg 21 23 33
ter 12 20 33
ter 13 18 33
ter 13 22 33
ter 16 17 33
ter 18 21 33
ter 18 23 33
ter 20 23 33
ter 21 22 33
seg 12 16 34
ter 12 14 34
ter 13 22 34
ter 19 20 34
ter 20 21 34
seg 14 22 35
seg 15 19 35
seg 16 18 35
seg 17 23 35
ter 11 15 35
ter 14 23 35
ter 15 22 35
ter 18 23 35
ter 19 22 35
ter 21 22 35
ter 22 23 35
seg 11 20 36
seg 16 18 36
seg 17 18 36
seg 22 23 36
ter 8 16 36
ter 13 22 36
ter 14 23 36
ter 20 22 36
ter 21 23 36
seg 11 21 37
seg 15 19 37
seg 16 17 37
seg 21 22 37
ter 8 14 37
ter 8 18 37
ter 10 13 37
ter 11 16 37
ter 16 19 37
ter 17 22 37
seg 9 18 38
seg 11 17 38
seg 13 16 38
seg 14 21 38
seg 15 21 38
seg 17 18 38
seg 20 21 38
ter 11 19 38
ter 11 21 38
ter 13 17 38
ter 13 19 38
ter 13 22 38
ter 14 22 38
ter 18 21 38
ter 21 22 38
seg 9 10 39
seg 13 18 39
seg 15 19 39
seg 20 23 39
ter 8 17 39
ter 9 13 39
ter 15 17 39
seg 8 18 40
seg 8 21 40
seg 10 23 40
seg 22 23 40
ter 8 22 40
ter 9 14 40
ter 10 13 40
ter 22 23 40
seg 10 23 41
seg 12 13 41
ter 9 20 41
ter 10 11 41
ter 17 19 41
ter 18 21 41
ter 20 21 41
seg 8 17 42
seg 8 23 42
seg 14 21 42
seg 15 19 42
seg 16 17 42
seg 18 21 42
seg 19 21 42
seg 22 23 42
ter 8 19 42
ter 9 12 42
ter 10 21 42
ter 13 14 42
ter 15 20 42
ter 16 17 42
ter 17 21 42
ter 18 22 42
ter 22 23 42
seg 8 15 43
seg 16 20 43
seg 21 22 43
seg 22 23 43
ter 8 11 43
ter 9 20 43
ter 11 14 43
ter 16 20 43
ter 18 19 43
ter 18 20 43
ter 21 22 43
seg 12 16 44
seg 12 17 44
seg 17 21 44
seg 19 21 44
ter 8 14 44
ter 9 12 44
ter 10 11 44
ter 16 23 44
ter 17 22 44
ter 20 21 44
ter 22 23 44
seg 8 9 45
seg 15 17 45
seg 16 18 45
seg 22 23 45
ter 9 13 45
ter 12 14 45
ter 14 22 45
ter 18 19 45
seg 12 20 46
seg 17 23 46
seg 19 21 46
ter 9 16 46
ter 10 15 46
ter 11 15 46
ter 11 21 46
ter 12 14 46
ter 12 23 46
ter 13 15 46
ter 14 23 46
ter 16 20 46
seg 9 12 47
seg 11 17 47
seg 20 21 47
seg 21 23 47
ter 11 23 47
ter 15 19 47
ter 18 19 47
ter 21 23 47
seg 9 15 48
seg 10 19 48
seg 10 22 48
seg 13 14 48
seg 16 22 48
ter 11 23 48
ter 13 23 48
ter 15 18 48
ter 15 22 48
ter 19 23 48
ter 20 22 48
seg 14 19 49
ter 8 21 49
ter 12 14 49
ter 12 23 49
ter 18 20 49
ter 18 21 49
ter 19 22 49
ter 19 23 49
ter 20 22 49
seg 8 15 50
seg 9 18 50
seg 17 18 50
seg 19 21 50
seg 20 22 50
seg 21 22 50
ter 8 14 50
ter 13 19 50
ter 16 20 50
ter 17 18 50
ter 18 19 50
ter 18 22 50
seg 9 17 51
seg 14 15 51
seg 15 23 51
seg 17 20 51
seg 17 23 51
seg 19 21 51
seg 20 22 51
ter 8 12 51
ter 10 11 51
ter 14 18 51
ter 19 20 51
ter 19 22 51
seg 8 9 52
seg 13 15 52
seg 14 20 52
seg 18 20 52
seg 20 22 52
ter 11 22 52
seg 15 21 53
seg 19 20 53
seg 19 22 53
seg 19 23 53
seg 20 21 53
ter 8 22 53
ter 9 11 53
ter 17 19 53
ter 18 22 53
ter 20 21 53
seg 10 20 54
seg 14 21 54
seg 18 19 54
seg 20 23 54
ter 11 18 54
ter 18 19 54
ter 21 22 54
ter 22 23 54
seg 8 21 55
seg 10 18 55
seg 12 17 55
seg 13 15 55
seg 13 18 55
seg 19 23 55
seg 22 23 55
ter 11 21 55
ter 13 21 55
ter 14 16 55
ter 16 18 55
ter 16 22 55
ter 18 21 55
ter 19 20 55
seg 13 20 56
seg 14 20 56
seg 16 22 56
seg 18 20 56
seg 20 23 56
ter 10 16 56
ter 10 22 56
ter 22 23 56
seg 9 23 57
seg 16 18 57
seg 16 20 57
ter 10 15 57
ter 11 12 57
ter 11 13 57
ter 11 14 57
ter 12 23 57
ter 17 22 57
ter 19 21 57
seg 17 20 58
seg 20 21 58
seg 22 23 58
ter 8 11 58
ter 11 17 58
ter 13 15 58
ter 17 21 58
ter 18 20 58
ter 19 20 58
seg 9 18 59
seg 11 12 59
seg 13 14 59
seg 16 22 59
seg 18 21 59
seg 21 22 59
ter 8 21 59
ter 11 12 59
ter 12 14 59
ter 12 16 59
ter 12 20 59
ter 13 23 59
ter 17 21 59
ter 21 22 59
ter 21 23 59
ter 22 23 59
seg 13 15 60
seg 21 23 60
ter 8 9 60
ter 8 16 60
ter 17 20 60
ter 21 22 60
seg 15 17 61
seg 18 22 61
ter 11 17 61
ter 17 23 61
ter 19 22 61
ter 20 23 61
seg 10 20 62
seg 13 18 62
seg 18 20 62
seg 18 22 62
seg 22 23 62
ter 12 13 62
ter 22 23 62
seg 9 19 63
seg 11 15 63
seg 11 22 63
seg 14 19 63
seg 15 16 63
seg 15 17 63
seg 15 21 63
seg 16 19 63
seg 18 20 63
seg 18 23 63
seg 19 22 63
seg 22 23 63
ter 9 10 63
ter 14 18 63
ter 18 22 63
ter 22 23 63
seg 9 12 64
seg 13 21 64
seg 18 23 64
seg 20 23 64
ter 10 12 64
ter 14 20 64
ter 14 23 64
ter 21 22 64
ter 22 23 64
seg 9 20 65
seg 13 20 65
seg 15 23 65
ter 14 18 65
ter 15 21 65
ter 18 21 65
seg 13 16 66
seg 19 20 66
seg 20 21 66
ter 8 10 66
ter 8 17 66
ter 12 23 66
ter 15 18 66
ter 16 17 66
ter 20 22 66
ter 21 23 66
ter 22 23 66
seg 9 21 67
seg 16 23 67
seg 21 23 67
ter 8 10 67
ter 8 19 67
ter 10 19 67
ter 14 22 67
ter 15 20 67
ter 20 22 67
seg 11 17 68
seg 13 19 68
seg 13 23 68
seg 14 20 68
seg 14 22 68
seg 15 17 68
seg 19 23 68
ter 12 22 68
ter 19 23 68
ter 20 23 68
seg 9 13 69
seg 11 21 69
ter 9 17 69
ter 12 15 69
ter 13 21 69
ter 14 20 69
ter 16 22 69
seg 16 20 70
seg 16 21 70
seg 18 22 70
seg 19 21 70
seg 21 22 70
seg 21 23 70
ter 13 16 70
ter 14 19 70
ter 16 18 70
ter 16 19 70
ter 18 23 70
ter 19 22 70
ter 21 22 70
ter 22 23 70
seg 10 14 71
seg 15 19 71
ter 11 13 71
ter 11 15 71
ter 12 18 71
ter 13 19 71
ter 20 22 71
ter 21 22 71
seg 8 13 72
seg 15 21 72
seg 16 22 72
seg 17 19 72
seg 17 20 72
seg 20 21 72
seg 21 23 72
ter 13 14 72
ter 14 15 72
ter 16 19 72
ter 18 19 72
ter 22 23 72
seg 8 15 73
seg 13 16 73
seg 14 22 73
seg 17 18 73
seg 20 22 73
seg 21 23 73
seg 22 23 73
ter 8 14 73
ter 15 22 73
ter 16 21 73
ter 17 22 73
ter 18 23 73
ter 21 22 73
ter 22 23 73
seg 9 22 74
seg 10 23 74
seg 15 21 74
seg 19 21 74
seg 21 22 74
ter 13 18 74
ter 19 23 74
ter 22 23 74
seg 10 18 75
seg 12 13 75
seg 16 17 75
seg 16 21 75
seg 17 18 75
seg 22 23 75
ter 8 9 75
ter 11 19 75
ter 12 23 75
ter 15 17 75
ter 16 22 75
ter 17 20 75
ter 17 22 75
ter 18 20 75
ter 22 23 75
seg 9 12 76
seg 12 17 76
seg 12 20 76
seg 13 14 76
seg 13 19 76
seg 15 18 76
seg 18 22 76
seg 19 22 76
seg 20 21 76
seg 21 23 76
ter 11 18 76
ter 12 16 76
ter 12 22 76
ter 13 21 76
ter 17 23 76
ter 19 23 76
ter 20 21 76
ter 21 23 76
ter 22 23 76
seg 8 11 77
seg 9 16 77
seg 12 22 77
seg 14 17 77
seg 17 18 77
seg 17 19 77
seg 21 22 77
ter 8 18 77
ter 10 13 77
ter 12 20 77
ter 16 23 77
seg 16 19 78
seg 18 22 78
ter 13 17 78
ter 13 20 78
ter 14 23 78
ter 15 22 78
ter 22 23 78
seg 8 15 79
seg 10 17 79
seg 19 23 79
seg 21 23 79
ter 11 18 79
ter 12 19 79
ter 22 23 79
seg 9 10 80
seg 9 19 80
seg 10 20 80
seg 17 19 80
seg 21 23 80
ter 9 15 80
ter 14 23 80
ter 17 18 80
ter 19 23 80
seg 11 15 81
seg 14 20 81
seg 17 21 81
seg 19 23 81
ter 9 11 81
ter 10 19 81
ter 12 21 81
ter 15 20 81
ter 17 20 81
ter 19 22 81
ter 20 22 81
ter 22 23 81
seg 13 15 82
seg 16 23 82
seg 22 23 82
ter 9 14 82
ter 14 15 82
ter 16 23 82
ter 17 22 82
ter 22 23 82
seg 8 18 83
seg 9 18 83
seg 15 18 83
seg 15 22 83
ter 8 20 83
ter 12 20 83
ter 12 22 83
ter 13 22 83
seg 8 23 84
seg 11 17 84
seg 14 17 84
seg 14 22 84
seg 15 22 84
seg 16 22 84
seg 17 19 84
seg 21 22 84
ter 10 15 84
ter 13 19 84
ter 13 20 84
ter 15 19 84
seg 8 13 85
seg 9 21 85
seg 9 23 85
seg 10 16 85
seg 10 19 85
seg 11 20 85
seg 17 23 85
seg 19 23 85
seg 22 23 85
ter 19 23 85
ter 20 22 85
ter 21 22 85
ter 21 23 85
seg 10 20 86
seg 12 13 86
seg 12 14 86
seg 12 15 86
seg 20 21 86
seg 22 23 86
ter 13 16 86
ter 14 21 86
ter 14 23 86
ter 19 21 86
ter 22 23 86
seg 16 19 87
seg 20 23 87
seg 22 23 87
ter 8 10 87
ter 9 22 87
ter 10 15 87
ter 17 20 87
ter 17 21 87
ter 20 21 87
seg 16 20 88
seg 16 21 88
seg 18 19 88
ter 11 12 88
ter 14 17 88
ter 16 19 88
ter 17 20 88
ter 18 20 88
ter 22 23 88
seg 10 11 89
seg 15 23 89
seg 19 23 89
seg 20 21 89
ter 11 22 89
ter 12 14 89
ter 12 16 89
ter 13 20 89
ter 13 21 89
ter 20 21 89
seg 9 17 90
seg 13 17 90
seg 17 23 90
seg 20 23 90
ter 9 15 90
ter 14 15 90
ter 15 20 90
ter 16 19 90
seg 10 13 91
seg 10 21 91
seg 11 20 91
seg 12 14 91
seg 14 19 91
seg 17 19 91
seg 18 23 91
seg 20 22 91
seg 21 23 91
ter 10 15 91
ter 11 13 91
ter 12 23 91
ter 13 20 91
ter 16 22 91
ter 18 23 91
ter 20 21 91
ter 21 23 91
seg 8 14 92
seg 22 23 92
ter 11 23 92
ter 13 19 92
ter 14 16 92
ter 14 20 92
ter 19 23 92
ter 21 23 92
seg 8 10 93
seg 10 15 93
seg 11 14 93
seg 12 22 93
seg 16 18 93
seg 17 22 93
seg 19 21 93
seg 19 22 93
seg 19 23 93
ter 13 23 93
ter 20 21 93
ter 21 22 93
ter 22 23 93
seg 10 13 94
seg 18 23 94
seg 21 22 94
seg 22 23 94
ter 8 16 94
ter 9 23 94
ter 14 19 94
ter 15 20 94
ter 16 18 94
ter 16 20 94
seg 10 21 95
seg 15 20 95
seg 17 18 95
seg 17 21 95
seg 18 23 95
seg 21 22 95
ter 12 13 95
ter 12 23 95
ter 20 23 95
seg 8 23 96
seg 9 12 96
seg 14 17 96
seg 21 23 96
seg 22 23 96
ter 11 19 96
ter 16 21 96
ter 20 21 96
seg 11 21 97
seg 12 20 97
seg 19 20 97
seg 19 23 97
seg 20 21 97
seg 21 22 97
ter 13 21 97
ter 20 21 97
ter 21 22 97
seg 17 19 98
seg 19 20 98
seg 19 22 98
ter 13 20 98
ter 20 22 98
seg 13 19 99
seg 14 19 99
seg 17 20 99
seg 20 23 99
ter 9 22 99
ter 11 12 99
ter 11 22 99
ter 18 19 99
ter 19 23 99
ter 20 23 99
seg 8 12 100
seg 16 18 100
seg 17 23 100
seg 18 22 100
seg 19 20 100
seg 19 22 100
seg 20 23 100
seg 22 23 100
ter 9 17 100
ter 12 20 100
ter 13 17 100
ter 13 23 100
ter 15 19 100
