1001
seg 11 23 0
ter 10 16 0
qua 11 12 0
sex 14 21 0
sab 11 19 0
dom 8 18 0
dom 15 22 0
seg 14 21 1
qua 9 10 1
qui 12 20 1
qui 16 19 1
sex 10 12 1
sex 13 14 1
dom 11 22 1
dom 19 20 1
ter 15 17 2
ter 19 21 2
ter 19 22 2
qua 10 21 2
qua 13 23 2
sab 8 18 2
sab 10 14 2
sab 15 21 2
sab 21 23 2
dom 10 20 2
dom 14 19 2
dom 20 23 2
dom 21 22 2
ter 11 13 3
qua 16 17 3
qua 22 23 3
sex 16 20 3
sex 16 22 3
sab 12 20 3
sab 14 22 3
dom 18 19 3
seg 14 20 4
seg 19 22 4
seg 20 21 4
qua 10 22 4
sab 22 23 4
seg 8 22 5
seg 14 19 5
seg 17 21 5
qua 9 21 5
qua 22 23 5
sex 22 23 5
sab 8 17 5
sab 18 20 5
sab 19 21 5
dom 20 22 5
seg 8 9 6
ter 13 20 6
qua 10 16 6
sab 9 17 6
sab 20 23 6
sab 22 23 6
ter 21 23 7
qua 10 19 7
qua 16 18 7
qua 20 23 7
qui 22 23 7
sex 9 10 7
sab 21 23 7
seg 9 11 8
seg 15 23 8
ter 17 18 8
qua 13 20 8
qua 18 23 8
qui 10 16 8
qui 11 16 8
qui 12 21 8
sex 16 23 8
dom 12 13 8
dom 17 18 8
seg 18 21 9
ter 17 19 9
ter 20 21 9
qua 8 11 9
qua 11 12 9
qua 19 21 9
qui 21 23 9
sex 16 18 9
sex 21 23 9
sex 22 23 9
sab 18 22 9
sab 18 23 9
dom 20 22 9
dom 21 23 9
seg 8 13 10
seg 12 17 10
seg 17 19 10
ter 17 18 10
qua 13 14 10
qua 13 15 10
qua 17 23 10
qui 11 19 10
qui 12 20 10
qui 14 23 10
sex 12 22 10
sab 8 14 10
seg 8 13 11
seg 15 20 11
seg 16 17 11
seg 19 23 11
ter 17 19 11
ter 17 20 11
qua 11 23 11
qui 13 23 11
sex 8 19 11
sex 12 20 11
sab 11 17 11
dom 10 23 11
dom 15 19 11
qua 20 23 12
qui 17 21 12
sex 9 17 12
sex 21 23 12
sab 8 12 12
sab 19 22 12
dom 22 23 12
qua 9 22 13
qua 15 22 13
qui 22 23 13
sex 8 15 13
sab 11 19 13
sab 22 23 13
dom 20 21 13
seg 18 19 14
qua 10 11 14
sab 8 23 14
sab 14 23 14
sab 22 23 14
dom 9 19 14
dom 14 20 14
dom 18 22 14
seg 22 23 15
ter 12 15 15
ter 14 23 15
qui 17 19 15
qui 19 20 15
qui 21 23 15
sex 9 17 15
sex 10 14 15
sex 16 18 15
sex 20 23 15
sex 22 23 15
sab 17 19 15
dom 13 22 15
dom 17 19 15
dom 19 20 15
ter 22 23 16
qua 19 22 16
qua 20 23 16
sex 11 18 16
sex 20 21 16
sex 22 23 16
sab 8 22 16
sab 13 14 16
sab 16 20 16
dom 12 23 16
dom 15 21 16
dom 19 22 16
dom 20 21 16
seg 14 19 17
seg 19 22 17
ter 18 22 17
ter 18 23 17
qua 8 12 17
qua 10 17 17
qua 13 16 17
qua 17 18 17
qui 18 22 17
sex 10 20 17
sab 10 16 17
sab 11 12 17
dom 16 20 17
seg 10 20 18
seg 11 16 18
seg 18 23 18
ter 14 21 18
qua 12 14 18
qua 21 23 18
qui 16 23 18
sex 9 12 18
sab 13 20 18
sab 18 23 18
sab 22 23 18
dom 11 16 18
seg 20 22 19
ter 17 18 19
ter 20 22 19
ter 21 23 19
ter 22 23 19
qua 17 19 19
qui 10 11 19
sex 11 19 19
sex 17 21 19
sab 11 20 19
seg 13 16 20
ter 18 22 20
qua 9 13 20
qua 21 22 20
qui 17 20 20
sex 15 21 20
dom 11 18 20
dom 18 19 20
dom 20 21 20
dom 21 23 20
ter 18 20 21
qua 12 18 21
qua 13 14 21
qui 11 23 21
qui 15 18 21
sex 19 23 21
seg 14 19 22
seg 17 20 22
seg 19 23 22
seg 22 23 22
ter 12 23 22
qui 9 10 22
qui 21 22 22
dom 12 21 22
dom 18 23 22
dom 19 21 22
seg 10 14 23
qua 19 20 23
qui 10 14 23
qui 13 23 23
qui 15 20 23
qui 18 23 23
sex 17 20 23
sab 13 14 23
sab 22 23 23
dom 9 17 23
seg 16 17 24
ter 13 23 24
ter 14 19 24
qua 18 23 24
qui 13 17 24
sex 8 13 24
sex 21 23 24
ter 16 21 25
qua 21 22 25
qui 20 21 25
sex 21 23 25
sab 22 23 25
dom 17 20 25
dom 20 23 25
seg 17 18 26
ter 15 23 26
qua 13 21 26
qua 14 21 26
qua 19 21 26
qui 11 19 26
qui 15 19 26
sex 9 21 26
sex 12 22 26
sab 16 23 26
seg 10 22 27
seg 22 23 27
ter 8 9 27
ter 15 20 27
ter 15 23 27
qua 9 14 27
qua 11 13 27
qua 21 23 27
qui 17 23 27
sex 13 22 27
dom 9 19 27
dom 16 19 27
ter 20 23 28
qua 8 15 28
qui 10 14 28
qui 18 19 28
qui 21 23 28
sab 9 12 28
sab 14 18 28
sab 18 20 28
seg 9 22 29
ter 13 19 29
qua 9 19 29
sex 11 13 29
sab 8 10 29
sab 11 17 29
seg 11 18 30
seg 12 18 30
seg 13 15 30
seg 13 19 30
seg 17 19 30
ter 8 23 30
ter 14 23 30
ter 15 19 30
ter 16 21 30
qua 8 11 30
qua 9 22 30
qua 14 22 30
qua 16 21 30
qui 11 23 30
sex 17 19 30
sex 18 20 30
ter 8 21 31
ter 14 18 31
qua 8 23 31
qui 14 19 31
qui 21 22 31
qui 21 23 31
sex 10 13 31
sex 14 23 31
sex 16 17 31
sab 9 12 31
sab 13 22 31
sab 15 20 31
sab 21 23 31
sab 22 23 31
dom 13 22 31
seg 14 18 32
ter 9 13 32
ter 18 21 32
qui 17 22 32
sab 16 17 32
dom 17 20 32
seg 12 21 33
ter 10 23 33
ter 15 21 33
qua 12 13 33
qua 12 19 33
qua 22 23 33
qui 11 16 33
qui 12 13 33
qui 19 20 33
qui 19 22 33
sex 8 11 33
sex 13 22 33
sex 17 20 33
sab 13 19 33
dom 16 22 33
seg 12 19 34
seg 21 22 34
ter 10 22 34
qua 12 17 34
qui 17 23 34
qui 21 22 34
sex 12 23 34
sex 16 17 34
sab 19 23 34
dom 19 23 34
ter 9 14 35
ter 17 19 35
qua 13 18 35
qua 15 17 35
qua 22 23 35
qui 12 20 35
sab 15 22 35
sab 15 23 35
sab 22 23 35
dom 9 21 35
seg 9 16 36
seg 14 22 36
ter 22 23 36
qua 8 20 36
qui 21 22 36
sab 9 20 36
dom 9 10 36
dom 9 11 36
dom 21 23 36
seg 12 20 37
seg 13 17 37
seg 19 21 37
ter 11 14 37
sab 14 20 37
dom 8 12 37
dom 19 23 37
seg 8 17 38
seg 22 23 38
ter 8 11 38
ter 10 13 38
ter 12 20 38
ter 15 20 38
ter 22 23 38
qua 10 18 38
qua 15 17 38
sab 16 21 38
sab 20 22 38
dom 16 20 38
seg 8 10 39
seg 20 23 39
qua 8 13 39
qua 16 21 39
qui 14 17 39
qui 14 18 39
qui 20 21 39
sab 17 22 39
dom 9 12 39
dom 14 16 39
dom 20 23 39
seg 15 23 40
seg 19 23 40
ter 9 14 40
ter 18 23 40
qua 11 18 40
qua 12 16 40
qua 16 21 40
qui 21 23 40
sex 14 16 40
sex 15 17 40
dom 9 12 40
dom 9 17 40
ter 20 21 41
qua 16 21 41
qua 21 23 41
qui 13 20 41
sex 14 22 41
sab 10 20 41
sab 13 20 41
sab 15 17 41
ter 16 22 42
qua 11 15 42
qui 9 11 42
qui 12 23 42
sab 13 19 42
sab 13 21 42
dom 17 19 42
seg 8 11 43
seg 16 20 43
seg 18 20 43
seg 22 23 43
ter 13 19 43
ter 21 22 43
qua 20 23 43
qui 17 20 43
sex 8 14 43
sex 18 21 43
sab 8 18 43
sab 9 23 43
sab 14 23 43
sab 15 20 43
dom 22 23 43
seg 15 19 44
ter 11 20 44
sex 8 23 44
sex 9 15 44
sex 13 22 44
sab 15 16 44
sab 20 22 44
dom 21 22 44
dom 22 23 44
ter 14 16 45
ter 15 23 45
ter 16 21 45
qua 10 13 45
qua 22 23 45
sex 19 22 45
sab 12 15 45
dom 16 21 45
seg 17 18 46
qua 10 15 46
qua 13 14 46
sex 13 20 46
sex 16 23 46
dom 17 22 46
dom 22 23 46
seg 13 15 47
seg 19 22 47
ter 18 19 47
qua 12 14 47
qui 22 23 47
sex 11 19 47
sab 18 20 47
sab 20 23 47
sab 21 23 47
dom 10 18 47
seg 15 20 48
seg 18 22 48
ter 8 11 48
qua 10 11 48
qui 16 18 48
sex 20 21 48
sab 11 12 48
sab 19 21 48
dom 10 14 48
dom 19 22 48
seg 11 12 49
seg 18 21 49
ter 9 21 49
ter 11 19 49
ter 14 15 49
qua 13 22 49
qui 15 20 49
sex 11 18 49
sex 12 17 49
sab 20 21 49
sab 20 22 49
seg 12 14 50
seg 13 23 50
ter 14 17 50
ter 18 22 50
qua 21 23 50
qui 17 20 50
sex 9 21 50
sex 13 18 50
sab 12 16 50
sab 15 21 50
sab 22 23 50
dom 12 18 50
dom 13 21 50
dom 18 23 50
seg 8 21 51
seg 11 21 51
seg 14 15 51
ter 10 13 51
ter 16 18 51
qua 20 23 51
qui 13 17 51
sex 15 18 51
sab 11 14 51
sab 12 15 51
sab 18 23 51
sab 22 23 51
seg 8 21 52
ter 16 20 52
ter 22 23 52
qua 19 22 52
qua 22 23 52
sex 8 19 52
sex 10 16 52
sab 15 21 52
sab 22 23 52
dom 17 21 52
ter 18 21 53
ter 19 21 53
qua 12 13 53
qua 15 21 53
qua 17 18 53
qui 16 18 53
qui 19 21 53
sex 20 21 53
sab 9 13 53
sab 15 19 53
sab 22 23 53
seg 9 17 54
seg 16 20 54
seg 19 21 54
seg 19 22 54
ter 15 18 54
qua 8 18 54
sex 11 22 54
dom 9 13 54
dom 9 20 54
seg 19 22 55
ter 11 23 55
ter 16 17 55
ter 19 23 55
qua 15 23 55
qua 19 20 55
qui 9 14 55
qui 17 19 55
sex 11 17 55
sab 18 23 55
dom 16 21 55
ter 11 14 56
ter 18 23 56
ter 21 23 56
qua 8 18 56
qua 21 23 56
qui 8 12 56
qui 17 22 56
qui 19 20 56
qui 19 21 56
sex 9 14 56
sex 13 14 56
sab 18 22 56
dom 10 19 56
dom 13 18 56
dom 19 20 56
dom 19 21 56
seg 9 16 57
seg 11 18 57
seg 14 19 57
seg 15 23 57
seg 22 23 57
ter 9 13 57
qua 12 21 57
qui 13 22 57
qui 13 23 57
sab 17 23 57
dom 16 21 57
seg 11 15 58
seg 18 22 58
seg 19 22 58
seg 20 23 58
seg 21 23 58
ter 18 20 58
qui 15 16 58
sab 8 22 58
sab 16 19 58
dom 20 23 58
seg 15 21 59
seg 17 19 59
ter 22 23 59
qui 17 22 59
qui 21 23 59
sex 14 21 59
seg 8 12 60
seg 21 22 60
ter 10 11 60
ter 10 21 60
ter 11 15 60
ter 15 17 60
ter 19 21 60
qui 22 23 60
sex 15 23 60
sex 18 20 60
sab 8 15 60
sab 13 21 60
sab 17 20 60
dom 11 16 60
dom 12 23 60
dom 18 19 60
dom 20 21 60
qua 12 18 61
qui 18 23 61
dom 16 19 61
dom 20 21 61
seg 12 15 62
seg 21 22 62
ter 15 20 62
qua 18 21 62
qui 13 23 62
qui 19 23 62
sex 15 21 62
sab 17 23 62
dom 18 19 62
seg 10 22 63
seg 21 23 63
ter 10 11 63
ter 11 14 63
qui 11 14 63
sex 16 17 63
sex 21 22 63
sex 21 23 63
sab 17 19 63
dom 12 13 63
dom 22 23 63
ter 14 23 64
ter 19 20 64
qua 11 14 64
qua 18 20 64
qua 19 23 64
qui 17 22 64
qui 20 23 64
sex 11 21 64
sex 15 19 64
sex 17 19 64
dom 9 14 64
dom 18 19 64
seg 11 14 65
seg 13 19 65
seg 19 23 65
qua 11 23 65
qua 21 23 65
qua 22 23 65
sab 11 12 65
seg 15 21 66
qui 12 23 66
qui 21 22 66
sex 12 17 66
sex 17 19 66
sex 20 22 66
sex 21 22 66
sab 12 23 66
seg 13 20 67
ter 21 23 67
qua 12 21 67
qua 18 22 67
dom 9 20 67
seg 16 23 68
ter 10 19 68
ter 12 18 68
ter 12 20 68
ter 21 23 68
sex 9 11 68
sex 13 23 68
sex 18 20 68
dom 12 16 68
dom 16 21 68
qui 14 20 69
sex 9 13 69
sex 17 20 69
sab 10 12 69
sab 18 23 69
sab 20 23 69
seg 15 19 70
seg 19 21 70
ter 11 23 70
ter 13 16 70
ter 19 23 70
qua 16 20 70
qui 14 20 70
sab 15 17 70
sab 19 22 70
sab 20 22 70
dom 10 11 70
ter 19 20 71
ter 22 23 71
qui 18 21 71
sex 10 19 71
sab 10 11 71
sab 20 22 71
seg 15 22 72
seg 20 22 72
ter 19 20 72
ter 19 21 72
qui 8 11 72
sex 10 14 72
sex 19 21 72
sab 10 22 72
dom 16 22 72
ter 16 19 73
qua 19 21 73
sex 16 23 73
seg 20 23 74
ter 9 20 74
ter 22 23 74
qua 10 21 74
qua 12 13 74
qua 12 14 74
qua 15 22 74
qua 17 22 74
qui 14 17 74
qui 20 22 74
sex 17 18 74
sex 17 19 74
sab 14 22 74
sab 15 23 74
sab 19 22 74
dom 11 16 74
dom 22 23 74
ter 15 22 75
qui 10 21 75
qui 14 21 75
sab 12 20 75
dom 17 20 75
seg 10 12 76
seg 14 20 76
seg 14 22 76
seg 14 23 76
ter 12 18 76
qua 11 19 76
qua 19 20 76
qui 13 14 76
qui 19 22 76
sab 19 22 76
sab 19 23 76
seg 8 11 77
seg 15 20 77
seg 22 23 77
ter 8 12 77
ter 9 16 77
qui 14 19 77
qui 15 16 77
sab 11 18 77
sab 12 17 77
dom 18 23 77
seg 17 21 78
ter 18 20 78
ter 18 23 78
ter 22 23 78
qua 18 22 78
qui 12 14 78
sex 12 16 78
sab 18 21 78
dom 15 19 78
seg 16 18 79
seg 21 22 79
ter 18 22 79
ter 21 22 79
seg 18 22 80
qua 18 19 80
qui 15 19 80
sex 16 18 80
sab 16 22 80
sab 22 23 80
dom 12 23 80
dom 14 21 80
dom 20 23 80
dom 21 23 80
ter 11 23 81
ter 12 16 81
ter 20 23 81
qui 14 21 81
qui 18 21 81
sex 15 16 81
sex 15 17 81
sex 17 18 81
sab 10 18 81
sab 11 23 81
sab 22 23 81
dom 11 12 81
dom 17 19 81
seg 13 21 82
seg 21 22 82
ter 17 19 82
qua 16 22 82
qua 18 19 82
qui 15 17 82
sex 15 17 82
sex 22 23 82
sab 8 19 82
sab 8 22 82
sab 14 18 82
dom 13 20 82
dom 16 18 82
dom 17 21 82
seg 10 16 83
ter 10 14 83
ter 14 23 83
qua 14 18 83
qua 22 23 83
sab 12 19 83
sab 16 20 83
dom 16 19 83
seg 9 19 84
ter 17 21 84
ter 20 23 84
qua 10 16 84
qua 20 21 84
qui 12 17 84
sex 14 20 84
sex 18 20 84
sab 13 19 84
sab 21 22 84
dom 15 17 84
dom 15 20 84
ter 10 12 85
ter 11 16 85
qua 18 21 85
qui 10 23 85
sab 9 13 85
sab 11 18 85
sab 11 19 85
sab 13 19 85
dom 10 12 85
dom 14 18 85
dom 19 20 85
dom 19 22 85
dom 20 23 85
seg 21 22 86
ter 17 18 86
ter 17 20 86
ter 22 23 86
qua 9 18 86
sex 12 13 86
sex 13 14 86
sex 15 21 86
sex 21 23 86
sab 8 19 86
dom 19 22 86
seg 19 22 87
seg 21 23 87
ter 13 14 87
ter 14 18 87
ter 17 20 87
qua 17 19 87
qua 18 23 87
qui 13 16 87
qui 22 23 87
sex 10 19 87
sex 20 21 87
ter 16 22 88
qua 12 14 88
qui 13 15 88
qui 21 22 88
sex 19 22 88
dom 16 22 88
dom 19 23 88
seg 17 21 89
ter 8 11 89
ter 21 23 89
qua 15 19 89
qui 11 22 89
sex 11 23 89
sex 20 21 89
sab 20 23 89
dom 10 19 89
ter 8 13 90
ter 10 12 90
ter 11 20 90
ter 16 18 90
ter 19 23 90
qua 14 17 90
sex 19 20 90
sab 9 12 90
sab 11 12 90
sab 14 17 90
seg 16 21 91
seg 17 22 91
ter 12 23 91
qua 21 22 91
qui 11 18 91
qui 12 22 91
qui 17 23 91
qui 19 21 91
sex 9 13 91
sex 11 15 91
sab 10 13 91
sab 22 23 91
ter 8 9 92
qua 11 12 92
qua 19 22 92
qui 14 16 92
qui 15 20 92
sex 10 13 92
sex 12 14 92
sab 17 21 92
dom 11 23 92
dom 16 19 92
dom 18 19 92
ter 8 21 93
sex 17 22 93
sab 13 19 93
dom 10 17 93
seg 10 19 94
seg 14 18 94
ter 19 23 94
qua 13 16 94
qua 14 16 94
sex 12 15 94
sex 18 19 94
sab 12 19 94
sab 14 18 94
dom 10 18 94
dom 13 15 94
seg 12 22 95
ter 8 14 95
qua 20 23 95
qui 12 17 95
qui 16 17 95
sex 9 11 95
sex 11 23 95
sex 13 14 95
sex 21 22 95
seg 21 22 96
ter 14 15 96
qui 9 18 96
qui 13 20 96
qui 14 15 96
sab 15 21 96
dom 14 20 96
seg 12 17 97
seg 14 18 97
ter 18 22 97
qua 18 21 97
qui 9 14 97
sex 11 13 97
sab 12 20 97
seg 9 12 98
seg 20 21 98
ter 19 22 98
ter 21 22 98
qua 9 16 98
qua 10 21 98
qua 14 15 98
qua 15 20 98
qua 20 22 98
qui 12 13 98
qui 20 23 98
sex 17 20 98
sab 8 22 98
sab 14 15 98
dom 12 21 98
dom 19 21 98
seg 9 19 99
ter 9 15 99
ter 10 23 99
ter 11 18 99
qua 8 13 99
sex 15 23 99
sex 22 23 99
sab 13 20 99
seg 8 20 100
seg 10 13 100
ter 15 17 100
ter 15 18 100
qua 11 15 100
qua 14 15 100
qui 12 16 100
qui 13 22 100
qui 17 18 100
sex 20 22 100
sex 20 23 100
sex 22 23 100
sab 9 23 100
sab 11 18 100
sab 14 22 100
sab 14 23 100
dom 10 14 100
dom 12 17 100
dom 13 16 100
dom 13 20 100
dom 13 22 100
