1001
seg 13 16 0
seg 14 20 0
seg 15 16 0
seg 16 18 0
seg 18 20 0
seg 18 22 0
seg 19 20 0
seg 19 22 0
seg 19 23 0
ter 8 22 0
ter 14 16 0
ter 15 22 0
ter 18 19 0
ter 22 23 0
qua 11 21 0
qua 17 18 0
qua 18 21 0
seg 12 17 1
seg 18 22 1
ter 10 22 1
ter 14 23 1
ter 19 20 1
qua 8 21 1
qua 9 23 1
qua 13 17 1
qua 13 18 1
seg 9 17 2
seg 10 23 2
seg 11 20 2
seg 11 23 2
seg 12 17 2
seg 17 18 2
ter 16 17 2
ter 18 20 2
qua 9 20 2
seg 8 22 3
seg 13 14 3
ter 10 16 3
ter 12 14 3
ter 14 20 3
ter 14 21 3
ter 17 23 3
ter 20 22 3
qua 11 17 3
qua 13 14 3
qua 19 22 3
seg 10 11 4
seg 12 17 4
seg 15 22 4
seg 19 23 4
seg 22 23 4
ter 13 22 4
ter 17 19 4
ter 21 22 4
qua 10 13 4
qua 21 23 4
seg 8 9 5
seg 13 16 5
seg 14 15 5
ter 9 16 5
ter 12 15 5
ter 13 20 5
ter 17 18 5
ter 19 20 5
ter 21 23 5
ter 22 23 5
qua 10 18 5
qua 15 19 5
qua 15 21 5
qua 19 21 5
qua 20 21 5
seg 16 23 6
seg 19 21 6
seg 21 23 6
seg 22 23 6
ter 12 22 6
ter 14 23 6
ter 15 23 6
ter 17 20 6
ter 21 23 6
qua 9 10 6
qua 16 21 6
qua 16 22 6
seg 9 20 7
seg 12 13 7
seg 12 14 7
seg 19 20 7
ter 10 17 7
ter 13 16 7
ter 15 17 7
ter 19 21 7
seg 22 23 8
ter 8 19 8
ter 11 13 8
ter 13 15 8
ter 15 20 8
ter 17 21 8
ter 19 23 8
qua 9 12 8
qua 9 20 8
qua 16 22 8
qua 17 19 8
qua 22 23 8
seg 10 17 9
seg 11 22 9
ter 9 14 9
ter 9 15 9
ter 9 21 9
ter 13 21 9
ter 14 17 9
ter 17 18 9
ter 20 21 9
qua 10 17 9
qua 12 17 9
qua 13 22 9
qua 16 18 9
seg 9 14 10
seg 14 16 10
seg 17 22 10
ter 8 15 10
ter 10 16 10
ter 13 15 10
ter 13 19 10
qua 8 10 10
qua 10 17 10
qua 12 19 10
qua 13 15 10
qua 14 16 10
qua 14 21 10
qua 19 21 10
seg 19 20 11
seg 20 22 11
ter 13 17 11
ter 18 22 11
qua 14 18 11
qua 16 22 11
qua 20 23 11
seg 11 21 12
seg 16 23 12
seg 21 22 12
ter 11 22 12
ter 11 23 12
ter 20 23 12
ter 22 23 12
qua 9 21 12
seg 8 9 13
seg 9 20 13
seg 22 23 13
ter 9 21 13
ter 10 18 13
ter 10 21 13
ter 13 15 13
ter 18 22 13
ter 19 22 13
ter 20 22 13
qua 15 16 13
qua 16 20 13
qua 22 23 13
seg 8 11 14
seg 11 23 14
seg 15 16 14
ter 14 20 14
ter 16 23 14
qua 14 21 14
qua 21 23 14
seg 10 22 15
seg 17 19 15
seg 18 20 15
seg 18 21 15
ter 22 23 15
qua 8 13 15
qua 12 15 15
qua 16 17 15
qua 19 22 15
seg 9 14 16
seg 20 23 16
ter 11 23 16
ter 15 20 16
ter 21 22 16
qua 12 18 16
qua 14 21 16
qua 17 22 16
seg 8 23 17
seg 11 13 17
seg 12 16 17
seg 12 21 17
seg 13 20 17
seg 22 23 17
ter 8 23 17
ter 9 12 17
ter 13 23 17
ter 17 22 17
ter 21 23 17
qua 9 13 17
qua 14 16 17
qua 16 21 17
seg 10 23 18
ter 10 19 18
ter 13 20 18
ter 14 23 18
ter 15 20 18
ter 20 22 18
qua 8 15 18
qua 10 23 18
seg 10 23 19
seg 17 18 19
seg 19 23 19
ter 22 23 19
qua 8 22 19
qua 13 19 19
qua 14 23 19
seg 8 9 20
seg 9 11 20
seg 14 19 20
seg 20 21 20
ter 15 18 20
ter 17 20 20
qua 13 17 20
qua 17 18 20
qua 21 23 20
seg 9 21 21
seg 11 23 21
seg 14 22 21
seg 14 23 21
seg 17 21 21
qua 11 15 21
qua 14 19 21
qua 16 21 21
qua 18 21 21
qua 22 23 21
seg 8 9 22
seg 12 18 22
seg 13 15 22
seg 19 23 22
seg 21 23 22
ter 12 19 22
ter 17 21 22
ter 21 22 22
qua 9 20 22
qua 10 18 22
qua 17 18 22
qua 18 19 22
qua 19 23 22
seg 9 16 23
seg 13 17 23
seg 13 21 23
ter 18 21 23
ter 19 23 23
ter 21 23 23
ter 22 23 23
qua 10 19 23
qua 15 23 23
qua 18 20 23
qua 20 22 23
qua 21 23 23
seg 9 23 24
seg 16 17 24
seg 18 22 24
seg 20 23 24
seg 22 23 24
ter 9 12 24
ter 13 14 24
ter 21 23 24
qua 9 21 24
qua 11 19 24
qua 11 23 24
seg 14 17 25
ter 8 17 25
ter 12 17 25
ter 12 23 25
ter 13 18 25
ter 14 21 25
ter 19 23 25
qua 8 22 25
qua 10 11 25
qua 14 22 25
qua 20 21 25
seg 15 17 26
seg 19 21 26
ter 11 20 26
ter 12 21 26
ter 19 22 26
ter 22 23 26
qua 10 15 26
qua 12 22 26
qua 13 22 26
qua 14 23 26
qua 19 21 26
qua 19 22 26
seg 18 19 27
ter 9 17 27
ter 14 17 27
qua 12 15 27
qua 13 22 27
qua 14 23 27
seg 13 20 28
seg 17 18 28
seg 18 21 28
seg 22 23 28
ter 14 23 28
ter 15 19 28
ter 16 23 28
ter 17 23 28
qua 10 14 28
qua 19 20 28
qua 20 22 28
qua 22 23 28
seg 8 16 29
seg 16 18 29
seg 18 20 29
ter 15 17 29
ter 22 23 29
qua 11 15 29
qua 11 22 29
qua 18 23 29
qua 21 23 29
seg 8 12 30
seg 8 13 30
seg 12 21 30
seg 13 17 30
seg 15 20 30
seg 17 19 30
seg 20 22 30
qua 14 21 30
qua 17 23 30
qua 18 19 30
qua 19 23 30
seg 16 19 31
seg 18 22 31
ter 8 11 31
ter 11 14 31
ter 21 23 31
qua 14 23 31
seg 11 20 32
seg 11 23 32
ter 11 16 32
ter 13 15 32
ter 18 22 32
seg 8 18 33
seg 21 23 33
seg 22 23 33
ter 8 22 33
ter 11 16 33
ter 13 14 33
ter 14 22 33
ter 18 21 33
qua 8 23 33
qua 13 22 33
qua 17 22 33
qua 21 23 33
qua 22 23 33
seg 11 12 34
seg 13 20 34
seg 21 23 34
ter 15 23 34
ter 19 23 34
qua 10 21 34
qua 11 13 34
qua 15 18 34
seg 8 13 35
seg 9 20 35
seg 12 18 35
seg 18 23 35
ter 12 21 35
ter 13 14 35
ter 13 19 35
ter 14 23 35
ter 15 22 35
ter 18 22 35
ter 21 23 35
qua 22 23 35
seg 11 19 36
seg 18 19 36
seg 20 23 36
ter 9 21 36
ter 17 18 36
qua 13 16 36
seg 12 13 37
seg 15 23 37
seg 20 21 37
seg 21 22 37
ter 12 15 37
ter 15 16 37
ter 17 21 37
qua 9 13 37
qua 11 13 37
qua 13 23 37
qua 21 23 37
seg 9 17 38
seg 12 20 38
seg 14 16 38
ter 16 20 38
ter 20 22 38
ter 20 23 38
qua 18 22 38
seg 8 23 39
seg 12 19 39
seg 15 21 39
seg 16 20 39
seg 17 21 39
seg 18 20 39
seg 19 23 39
seg 21 22 39
seg 22 23 39
ter 12 13 39
ter 13 22 39
ter 14 15 39
ter 15 16 39
ter 16 20 39
ter 17 19 39
qua 10 22 39
qua 17 22 39
qua 22 23 39
seg 8 19 40
seg 19 21 40
seg 19 23 40
ter 9 22 40
ter 16 23 40
ter 22 23 40
qua 12 22 40
qua 16 19 40
qua 19 23 40
qua 20 22 40
seg 18 21 41
ter 15 21 41
ter 16 23 41
qua 20 22 41
qua 21 23 41
seg 8 22 42
seg 10 21 42
seg 11 16 42
seg 20 21 42
ter 14 18 42
qua 11 17 42
qua 14 15 42
qua 17 19 42
qua 22 23 42
seg 8 10 43
seg 10 16 43
seg 11 21 43
seg 12 19 43
seg 15 22 43
ter 12 23 43
qua 11 21 43
qua 14 15 43
seg 12 19 44
seg 17 21 44
seg 20 22 44
ter 21 23 44
qua 9 19 44
qua 21 22 44
seg 10 20 45
seg 12 21 45
seg 18 23 45
seg 22 23 45
ter 16 17 45
ter 18 23 45
ter 19 21 45
qua 9 21 45
qua 13 18 45
qua 14 21 45
qua 16 21 45
qua 17 23 45
qua 19 23 45
qua 22 23 45
seg 10 11 46
seg 20 23 46
ter 9 16 46
ter 10 18 46
qua 11 13 46
qua 12 18 46
qua 17 18 46
seg 9 22 47
seg 15 16 47
seg 18 19 47
ter 15 16 47
ter 16 17 47
ter 16 22 47
ter 19 22 47
seg 8 21 48
seg 12 18 48
seg 14 22 48
seg 16 21 48
seg 16 22 48
ter 10 19 48
ter 17 18 48
ter 20 21 48
seg 13 18 49
seg 14 15 49
seg 14 23 49
seg 18 19 49
seg 19 23 49
ter 21 22 49
ter 21 23 49
ter 22 23 49
qua 21 23 49
seg 11 16 50
seg 12 23 50
seg 18 23 50
ter 8 13 50
ter 9 10 50
ter 13 15 50
ter 14 20 50
qua 9 15 50
qua 13 21 50
qua 14 23 50
seg 10 14 51
seg 11 16 51
seg 20 22 51
seg 22 23 51
ter 13 19 51
ter 20 21 51
ter 22 23 51
qua 17 20 51
qua 18 23 51
seg 8 18 52
seg 16 20 52
seg 17 21 52
seg 19 20 52
ter 10 13 52
ter 13 16 52
qua 15 21 52
qua 16 19 52
qua 18 23 52
qua 20 22 52
seg 11 19 53
seg 13 15 53
seg 17 22 53
seg 18 19 53
ter 13 18 53
ter 14 21 53
ter 21 23 53
qua 17 19 53
qua 19 23 53
seg 16 22 54
ter 8 9 54
ter 15 20 54
ter 18 20 54
ter 20 22 54
ter 22 23 54
qua 8 21 54
qua 9 22 54
seg 9 21 55
seg 14 16 55
seg 15 21 55
seg 16 23 55
ter 8 12 55
ter 10 20 55
ter 11 14 55
ter 17 19 55
ter 19 20 55
ter 21 23 55
ter 22 23 55
qua 8 19 55
qua 13 16 55
qua 13 21 55
qua 16 19 55
qua 21 22 55
qua 22 23 55
seg 8 11 56
seg 13 22 56
seg 13 23 56
seg 17 20 56
seg 18 21 56
seg 20 21 56
ter 13 21 56
qua 9 15 56
qua 9 17 56
qua 10 17 56
qua 15 17 56
seg 10 17 57
seg 17 23 57
ter 11 21 57
ter 19 21 57
ter 22 23 57
qua 10 14 57
qua 15 23 57
qua 16 17 57
qua 17 18 57
qua 21 22 57
qua 21 23 57
seg 8 16 58
seg 9 18 58
qua 13 22 58
qua 13 23 58
qua 14 15 58
qua 17 19 58
seg 11 17 59
seg 13 18 59
ter 17 18 59
ter 18 22 59
ter 20 22 59
qua 14 16 59
qua 16 19 59
qua 18 21 59
seg 8 23 60
seg 16 23 60
ter 8 9 60
ter 11 16 60
ter 14 22 60
ter 18 19 60
qua 8 16 60
qua 14 23 60
qua 17 20 60
ter 10 19 61
ter 12 18 61
ter 14 20 61
ter 16 20 61
ter 22 23 61
qua 16 17 61
seg 14 18 62
ter 22 23 62
qua 10 16 62
qua 13 20 62
qua 18 19 62
seg 8 12 63
seg 12 18 63
seg 14 15 63
seg 18 21 63
ter 10 12 63
ter 16 23 63
qua 8 19 63
qua 13 18 63
qua 15 22 63
qua 15 23 63
qua 16 18 63
qua 22 23 63
seg 8 12 64
seg 9 10 64
seg 14 22 64
seg 21 23 64
ter 10 22 64
ter 13 17 64
ter 15 21 64
ter 22 23 64
qua 13 22 64
qua 16 21 64
qua 17 18 64
qua 18 20 64
qua 18 21 64
qua 20 22 64
qua 22 23 64
seg 9 13 65
seg 10 16 65
seg 15 18 65
seg 19 22 65
ter 8 14 65
ter 10 11 65
ter 10 21 65
ter 14 17 65
ter 16 19 65
ter 18 22 65
ter 21 23 65
qua 9 13 65
qua 15 16 65
qua 16 22 65
qua 19 21 65
qua 22 23 65
seg 8 18 66
seg 12 19 66
seg 15 20 66
seg 18 20 66
ter 18 21 66
qua 10 23 66
qua 16 18 66
qua 21 22 66
seg 14 22 67
seg 17 21 67
ter 8 21 67
ter 11 15 67
ter 18 21 67
ter 19 22 67
ter 20 22 67
qua 8 12 67
qua 9 23 67
qua 20 21 67
seg 8 14 68
seg 9 23 68
seg 11 15 68
seg 11 17 68
seg 13 14 68
seg 13 22 68
seg 17 21 68
ter 17 22 68
ter 19 23 68
ter 22 23 68
qua 14 21 68
seg 10 14 69
seg 13 15 69
seg 17 18 69
ter 14 15 69
ter 16 23 69
ter 18 21 69
qua 15 20 69
seg 10 17 70
seg 17 22 70
seg 21 22 70
ter 11 21 70
ter 15 20 70
ter 17 22 70
qua 20 23 70
seg 8 23 71
seg 10 15 71
seg 10 20 71
seg 19 21 71
seg 21 23 71
ter 13 20 71
qua 15 18 71
qua 16 23 71
seg 10 15 72
seg 10 21 72
seg 13 23 72
ter 16 23 72
ter 17 20 72
ter 19 21 72
ter 19 22 72
qua 9 12 72
qua 11 15 72
qua 16 17 72
qua 19 22 72
qua 20 23 72
qua 22 23 72
seg 9 18 73
seg 11 13 73
seg 13 21 73
ter 14 23 73
ter 15 21 73
ter 19 21 73
ter 21 22 73
ter 22 23 73
qua 9 17 73
qua 11 14 73
qua 12 17 73
qua 15 20 73
qua 17 18 73
qua 20 23 73
seg 8 22 74
seg 16 17 74
seg 21 22 74
ter 16 19 74
ter 17 21 74
ter 19 20 74
ter 20 21 74
qua 10 22 74
qua 14 19 74
qua 15 22 74
qua 20 23 74
qua 21 23 74
seg 15 20 75
seg 20 21 75
ter 17 19 75
qua 16 21 75
seg 17 18 76
seg 18 23 76
ter 8 14 76
qua 12 21 76
qua 14 21 76
qua 21 23 76
seg 11 17 77
seg 14 20 77
seg 14 23 77
seg 15 18 77
ter 12 15 77
ter 17 23 77
qua 10 22 77
qua 21 22 77
seg 8 10 78
seg 11 18 78
seg 15 23 78
seg 20 21 78
ter 12 14 78
ter 15 20 78
qua 17 22 78
seg 8 21 79
seg 14 15 79
seg 14 18 79
seg 20 23 79
ter 14 19 79
ter 15 21 79
ter 19 22 79
qua 9 18 79
qua 12 16 79
qua 13 22 79
qua 22 23 79
seg 8 13 80
seg 9 23 80
seg 10 11 80
seg 13 14 80
seg 15 20 80
seg 17 20 80
seg 19 22 80
seg 21 22 80
seg 21 23 80
ter 8 16 80
ter 8 19 80
ter 9 18 80
ter 10 18 80
ter 10 20 80
ter 12 22 80
ter 13 15 80
ter 19 23 80
qua 9 20 80
qua 10 16 80
qua 13 14 80
qua 13 15 80
qua 18 19 80
qua 19 21 80
qua 21 23 80
seg 9 18 81
seg 9 19 81
seg 18 22 81
qua 12 20 81
qua 16 17 81
qua 17 22 81
qua 19 21 81
seg 15 16 82
seg 20 23 82
ter 16 21 82
ter 18 22 82
ter 20 23 82
ter 21 23 82
qua 13 18 82
qua 14 22 82
qua 14 23 82
seg 15 21 83
seg 22 23 83
ter 14 21 83
ter 16 17 83
qua 9 16 83
qua 11 15 83
qua 15 23 83
qua 17 20 83
qua 18 19 83
qua 21 22 83
seg 8 15 84
seg 9 13 84
seg 12 19 84
seg 13 17 84
seg 14 16 84
seg 14 17 84
seg 14 21 84
seg 17 20 84
seg 18 21 84
ter 11 21 84
ter 12 18 84
ter 17 19 84
ter 18 22 84
ter 22 23 84
qua 14 17 84
qua 14 21 84
qua 15 21 84
seg 14 21 85
seg 15 22 85
seg 18 20 85
ter 12 14 85
ter 17 18 85
ter 18 23 85
qua 13 18 85
qua 20 21 85
seg 8 12 86
seg 16 22 86
seg 20 22 86
ter 8 9 86
ter 8 11 86
ter 10 16 86
ter 15 17 86
qua 13 21 86
qua 18 20 86
qua 18 22 86
seg 13 14 87
seg 13 16 87
seg 13 23 87
ter 11 22 87
ter 13 14 87
ter 17 21 87
ter 21 23 87
ter 22 23 87
qua 12 14 87
qua 15 16 87
qua 22 23 87
seg 8 15 88
seg 12 15 88
seg 19 22 88
seg 19 23 88
ter 15 20 88
ter 15 22 88
ter 17 18 88
qua 8 9 88
qua 9 11 88
qua 12 18 88
qua 17 18 88
qua 18 19 88
qua 18 22 88
qua 20 22 88
seg 9 21 89
seg 11 19 89
ter 10 14 89
ter 15 17 89
ter 16 18 89
ter 18 23 89
ter 19 20 89
qua 10 22 89
qua 12 17 89
qua 13 14 89
qua 13 16 89
qua 16 23 89
qua 18 20 89
seg 8 15 90
seg 19 22 90
seg 20 21 90
seg 21 22 90
ter 8 11 90
ter 10 16 90
ter 15 18 90
ter 21 23 90
ter 22 23 90
qua 10 11 90
qua 13 21 90
qua 18 23 90
seg 10 17 91
seg 12 18 91
seg 13 15 91
seg 14 22 91
seg 21 22 91
ter 10 17 91
ter 12 16 91
ter 12 18 91
ter 16 19 91
ter 21 23 91
qua 10 18 91
qua 12 15 91
qua 21 22 91
qua 22 23 91
seg 12 22 92
ter 15 21 92
ter 17 18 92
qua 10 23 92
qua 13 14 92
qua 15 21 92
qua 18 21 92
qua 19 23 92
seg 12 22 93
seg 14 19 93
seg 15 22 93
seg 17 18 93
seg 17 23 93
ter 8 12 93
ter 16 17 93
qua 9 19 93
qua 10 14 93
qua 10 18 93
qua 10 22 93
qua 12 17 93
qua 12 23 93
seg 19 21 94
seg 20 23 94
ter 16 17 94
ter 18 21 94
qua 11 22 94
qua 22 23 94
seg 10 13 95
ter 13 22 95
ter 16 20 95
ter 20 21 95
qua 9 15 95
qua 9 19 95
qua 12 22 95
qua 17 19 95
qua 21 22 95
seg 12 17 96
ter 11 15 96
ter 12 19 96
ter 22 23 96
qua 14 16 96
qua 15 16 96
qua 19 23 96
seg 8 20 97
seg 14 16 97
ter 13 20 97
ter 15 16 97
ter 16 22 97
qua 12 18 97
qua 20 22 97
seg 17 22 98
ter 9 21 98
qua 11 14 98
seg 20 21 99
seg 22 23 99
ter 12 22 99
ter 13 20 99
ter 20 21 99
qua 8 16 99
qua 9 11 99
qua 17 22 99
qua 17 23 99
qua 19 22 99
seg 8 17 100
seg 17 22 100
seg 19 23 100
ter 19 20 100
qua 10 11 100
