1001
seg 8 11 0
seg 9 10 0
seg 9 20 0
seg 11 23 0
seg 13 19 0
seg 14 17 0
seg 15 23 0
seg 20 21 0
seg 20 23 0
seg 21 22 0
seg 22 23 0
seg 8 13 1
seg 9 10 1
seg 10 13 1
seg 12 23 1
seg 13 14 1
seg 13 19 1
seg 14 18 1
seg 14 22 1
seg 16 20 1
seg 17 18 1
seg 18 21 1
seg 19 23 1
seg 20 21 1
seg 20 23 1
seg 21 23 1
seg 22 23 1
seg 8 23 2
seg 9 11 2
seg 11 12 2
seg 12 23 2
seg 13 14 2
seg 14 16 2
seg 15 21 2
seg 16 19 2
seg 18 21 2
seg 18 23 2
seg 19 20 2
seg 20 23 2
seg 21 23 2
seg 10 22 3
seg 15 19 3
seg 17 19 3
seg 17 21 3
seg 19 21 3
seg 22 23 3
seg 8 19 4
seg 11 17 4
seg 11 22 4
seg 12 20 4
seg 13 18 4
seg 16 23 4
seg 17 18 4
seg 19 20 4
seg 19 21 4
seg 20 21 4
seg 22 23 4
seg 8 12 5
seg 9 19 5
seg 11 16 5
seg 12 23 5
seg 16 19 5
seg 18 19 5
seg 19 20 5
seg 19 21 5
seg 19 22 5
seg 20 23 5
seg 21 22 5
seg 22 23 5
seg 11 15 6
seg 12 23 6
seg 13 21 6
seg 14 17 6
seg 14 18 6
seg 16 20 6
seg 17 21 6
seg 19 20 6
seg 19 21 6
seg 19 22 6
seg 21 22 6
seg 21 23 6
seg 8 9 7
seg 8 12 7
seg 9 22 7
seg 14 18 7
seg 14 20 7
seg 15 19 7
seg 15 20 7
seg 16 19 7
seg 17 20 7
seg 19 22 7
seg 8 11 8
seg 10 20 8
seg 11 13 8
seg 13 18 8
seg 13 22 8
seg 15 16 8
seg 16 21 8
seg 17 20 8
seg 17 21 8
seg 21 23 8
seg 8 21 9
seg 9 23 9
seg 10 13 9
seg 10 18 9
seg 12 14 9
seg 16 18 9
seg 16 23 9
seg 17 21 9
seg 18 21 9
seg 19 20 9
seg 21 23 9
seg 22 23 9
seg 9 20 10
seg 13 18 10
seg 13 22 10
seg 14 23 10
seg 16 17 10
seg 17 18 10
seg 18 20 10
seg 20 21 10
seg 20 23 10
seg 22 23 10
seg 8 21 11
seg 9 22 11
seg 10 12 11
seg 11 16 11
seg 12 14 11
seg 12 19 11
seg 14 19 11
seg 15 23 11
seg 20 22 11
seg 21 23 11
seg 22 23 11
seg 9 11 12
seg 9 13 12
seg 10 13 12
seg 10 15 12
seg 11 19 12
seg 12 17 12
seg 12 20 12
seg 12 21 12
seg 13 17 12
seg 14 15 12
seg 15 23 12
seg 17 19 12
seg 18 21 12
seg 10 22 13
seg 11 15 13
seg 15 16 13
seg 15 17 13
seg 15 18 13
seg 17 22 13
seg 18 22 13
seg 8 9 14
seg 8 13 14
seg 9 13 14
seg 9 21 14
seg 12 13 14
seg 12 23 14
seg 14 15 14
seg 14 16 14
seg 15 17 14
seg 15 22 14
seg 16 18 14
seg 19 23 14
seg 21 22 14
seg 8 21 15
seg 9 10 15
seg 9 15 15
seg 10 13 15
seg 10 15 15
seg 10 19 15
seg 12 19 15
seg 12 20 15
seg 14 15 15
seg 14 23 15
seg 15 23 15
seg 16 18 15
seg 20 22 15
seg 22 23 15
seg 8 16 16
seg 9 21 16
seg 10 19 16
seg 11 12 16
seg 11 23 16
seg 12 13 16
seg 16 17 16
seg 18 19 16
seg 20 22 16
seg 22 23 16
seg 8 10 17
seg 10 20 17
seg 11 21 17
seg 12 13 17
seg 14 17 17
seg 14 20 17
seg 14 23 17
seg 16 19 17
seg 16 22 17
seg 19 20 17
seg 21 22 17
seg 22 23 17
seg 10 11 18
seg 10 12 18
seg 11 13 18
seg 11 19 18
seg 11 23 18
seg 13 14 18
seg 15 23 18
seg 19 20 18
seg 19 23 18
seg 21 22 18
seg 22 23 18
seg 9 11 19
seg 10 17 19
seg 11 17 19
seg 12 14 19
seg 16 19 19
seg 16 21 19
seg 20 22 19
seg 22 23 19
seg 8 11 20
seg 9 17 20
seg 9 20 20
seg 9 22 20
seg 9 23 20
seg 10 11 20
seg 11 12 20
seg 14 15 20
seg 15 16 20
seg 15 17 20
seg 15 18 20
seg 17 20 20
seg 17 22 20
seg 18 23 20
seg 21 22 20
seg 9 13 21
seg 9 22 21
seg 10 19 21
seg 10 23 21
seg 13 14 21
seg 14 17 21
seg 15 23 21
seg 16 18 21
seg 18 22 21
seg 19 22 21
seg 20 22 21
seg 22 23 21
seg 8 18 22
seg 9 14 22
seg 11 21 22
seg 12 13 22
seg 12 17 22
seg 15 16 22
seg 16 23 22
seg 19 20 22
seg 19 22 22
seg 20 21 22
seg 8 23 23
seg 12 14 23
seg 12 15 23
seg 12 19 23
seg 13 20 23
seg 13 22 23
seg 14 16 23
seg 15 16 23
seg 21 22 23
seg 12 22 24
seg 15 22 24
seg 19 22 24
seg 9 23 25
seg 16 23 25
seg 17 19 25
seg 18 19 25
seg 19 20 25
seg 19 21 25
seg 19 22 25
seg 21 22 25
seg 21 23 25
seg 22 23 25
seg 9 14 26
seg 11 17 26
seg 11 18 26
seg 15 16 26
seg 15 21 26
seg 18 22 26
seg 19 20 26
seg 19 21 26
seg 11 14 27
seg 13 23 27
seg 15 18 27
seg 15 21 27
seg 17 19 27
seg 17 21 27
seg 20 23 27
seg 21 22 27
seg 8 11 28
seg 11 12 28
seg 12 17 28
seg 13 17 28
seg 14 21 28
seg 15 22 28
seg 15 23 28
seg 16 17 28
seg 18 19 28
seg 18 20 28
seg 20 21 28
seg 20 23 28
seg 9 20 29
seg 9 21 29
seg 9 23 29
seg 10 13 29
seg 11 13 29
seg 11 16 29
seg 13 14 29
seg 14 22 29
seg 17 20 29
seg 19 21 29
seg 19 23 29
seg 20 22 29
seg 8 17 30
seg 8 19 30
seg 14 23 30
seg 15 22 30
seg 17 18 30
seg 21 22 30
seg 9 13 31
seg 10 23 31
seg 11 17 31
seg 13 16 31
seg 14 15 31
seg 17 22 31
seg 18 20 31
seg 9 11 32
seg 9 12 32
seg 9 13 32
seg 9 22 32
seg 11 14 32
seg 11 18 32
seg 14 16 32
seg 16 22 32
seg 17 22 32
seg 17 23 32
seg 21 23 32
seg 22 23 32
seg 11 15 33
seg 12 18 33
seg 12 20 33
seg 13 20 33
seg 17 22 33
seg 21 23 33
seg 22 23 33
seg 11 14 34
seg 13 14 34
seg 15 16 34
seg 15 23 34
seg 19 23 34
seg 22 23 34
seg 9 17 35
seg 10 17 35
seg 11 17 35
seg 12 16 35
seg 12 20 35
seg 13 19 35
seg 15 22 35
seg 16 21 35
seg 16 22 35
seg 18 21 35
seg 20 22 35
seg 8 16 36
seg 8 20 36
seg 10 13 36
seg 11 16 36
seg 17 20 36
seg 17 22 36
seg 18 19 36
seg 19 20 36
seg 20 22 36
seg 20 23 36
seg 8 21 37
seg 9 10 37
seg 10 17 37
seg 13 22 37
seg 13 23 37
seg 14 15 37
seg 15 18 37
seg 15 23 37
seg 19 22 37
seg 19 23 37
seg 21 23 37
seg 10 17 38
seg 11 19 38
seg 12 15 38
seg 13 19 38
seg 14 20 38
seg 16 22 38
seg 17 21 38
seg 18 19 38
seg 18 21 38
seg 18 23 38
seg 19 21 38
seg 22 23 38
seg 9 17 39
seg 9 21 39
seg 11 12 39
seg 11 20 39
seg 13 15 39
seg 13 21 39
seg 14 17 39
seg 15 16 39
seg 15 19 39
seg 16 19 39
seg 17 23 39
seg 18 19 39
seg 21 23 39
seg 9 22 40
seg 13 21 40
seg 18 19 40
seg 20 22 40
seg 21 22 40
seg 21 23 40
seg 9 19 41
seg 10 21 41
seg 12 15 41
seg 15 16 41
seg 18 21 41
seg 19 23 41
seg 20 23 41
seg 21 22 41
seg 8 20 42
seg 9 14 42
seg 12 15 42
seg 13 14 42
seg 13 18 42
seg 19 22 42
seg 20 23 42
seg 21 22 42
seg 21 23 42
seg 10 11 43
seg 11 18 43
seg 13 20 43
seg 13 22 43
seg 15 19 43
seg 19 21 43
seg 19 22 43
seg 19 23 43
seg 21 23 43
seg 22 23 43
seg 11 19 44
seg 13 18 44
seg 15 16 44
seg 16 17 44
seg 18 19 44
seg 8 15 45
seg 15 21 45
seg 16 19 45
seg 16 21 45
seg 18 20 45
seg 9 12 46
seg 9 22 46
seg 10 20 46
seg 12 23 46
seg 13 23 46
seg 15 21 46
seg 15 23 46
seg 16 17 46
seg 17 23 46
seg 18 20 46
seg 18 23 46
seg 21 22 46
seg 22 23 46
seg 10 13 47
seg 10 20 47
seg 11 14 47
seg 13 21 47
seg 16 21 47
seg 17 21 47
seg 18 21 47
seg 19 20 47
seg 20 22 47
seg 20 23 47
seg 21 22 47
seg 8 13 48
seg 10 12 48
seg 10 18 48
seg 10 21 48
seg 11 12 48
seg 11 13 48
seg 14 15 48
seg 14 22 48
seg 15 18 48
seg 19 22 48
seg 21 23 48
seg 8 21 49
seg 10 21 49
seg 11 22 49
seg 11 23 49
seg 12 18 49
seg 12 23 49
seg 14 22 49
seg 14 23 49
seg 16 19 49
seg 17 18 49
seg 18 19 49
seg 18 23 49
seg 19 22 49
seg 8 11 50
seg 8 23 50
seg 9 22 50
seg 10 20 50
seg 11 18 50
seg 13 19 50
seg 13 21 50
seg 17 19 50
seg 18 23 50
seg 8 19 51
seg 9 11 51
seg 9 20 51
seg 18 22 51
seg 21 22 51
seg 9 11 52
seg 9 15 52
seg 11 12 52
seg 11 19 52
seg 13 19 52
seg 20 22 52
seg 9 17 53
seg 9 19 53
seg 9 20 53
seg 9 21 53
seg 10 13 53
seg 12 16 53
seg 13 14 53
seg 17 22 53
seg 18 20 53
seg 19 20 53
seg 19 21 53
seg 22 23 53
seg 8 16 54
seg 8 23 54
seg 9 12 54
seg 10 19 54
seg 10 21 54
seg 10 22 54
seg 11 18 54
seg 12 17 54
seg 14 19 54
seg 15 23 54
seg 16 18 54
seg 18 21 54
seg 22 23 54
seg 16 20 55
seg 16 21 55
seg 19 20 55
seg 20 21 55
seg 21 23 55
seg 9 18 56
seg 11 22 56
seg 12 21 56
seg 13 19 56
seg 15 18 56
seg 16 19 56
seg 17 18 56
seg 17 19 56
seg 20 22 56
seg 9 14 57
seg 11 23 57
seg 12 16 57
seg 12 20 57
seg 14 21 57
seg 14 23 57
seg 15 20 57
seg 16 20 57
seg 16 23 57
seg 18 19 57
seg 18 23 57
seg 20 22 57
seg 8 17 58
seg 11 20 58
seg 12 17 58
seg 14 19 58
seg 19 21 58
seg 21 23 58
seg 22 23 58
seg 8 10 59
seg 8 18 59
seg 12 13 59
seg 12 14 59
seg 13 18 59
seg 13 20 59
seg 14 22 59
seg 16 23 59
seg 17 19 59
seg 19 21 59
seg 19 22 59
seg 21 22 59
seg 22 23 59
seg 12 20 60
seg 13 16 60
seg 15 19 60
seg 17 23 60
seg 21 22 60
seg 22 23 60
seg 11 17 61
seg 13 18 61
seg 15 22 61
seg 16 17 61
seg 19 21 61
seg 9 11 62
seg 9 13 62
seg 9 22 62
seg 12 16 62
seg 14 21 62
seg 16 22 62
seg 16 23 62
seg 17 20 62
seg 18 21 62
seg 20 21 62
seg 22 23 62
seg 9 13 63
seg 9 19 63
seg 10 13 63
seg 14 19 63
seg 18 23 63
seg 19 21 63
seg 22 23 63
seg 9 11 64
seg 11 12 64
seg 11 13 64
seg 16 22 64
seg 19 23 64
seg 20 21 64
seg 20 23 64
seg 21 22 64
seg 9 13 65
seg 10 12 65
seg 13 17 65
seg 14 17 65
seg 14 22 65
seg 15 16 65
seg 16 21 65
seg 22 23 65
seg 8 11 66
seg 8 19 66
seg 9 11 66
seg 9 13 66
seg 11 23 66
seg 12 13 66
seg 12 19 66
seg 12 21 66
seg 13 18 66
seg 13 20 66
seg 14 17 66
seg 15 22 66
seg 16 22 66
seg 17 19 66
seg 18 20 66
seg 22 23 66
seg 11 16 67
seg 13 18 67
seg 14 21 67
seg 16 18 67
seg 18 20 67
seg 18 23 67
seg 20 22 67
seg 8 16 68
seg 8 21 68
seg 9 19 68
seg 10 13 68
seg 10 20 68
seg 11 18 68
seg 14 21 68
seg 17 20 68
seg 18 19 68
seg 12 13 69
seg 13 20 69
seg 14 17 69
seg 15 17 69
seg 17 18 69
seg 21 23 69
seg 8 9 70
seg 8 11 70
seg 9 11 70
seg 12 19 70
seg 13 20 70
seg 13 23 70
seg 14 18 70
seg 16 19 70
seg 17 22 70
seg 17 23 70
seg 18 21 70
seg 19 23 70
seg 20 21 70
seg 21 23 70
seg 22 23 70
seg 8 17 71
seg 10 17 71
seg 12 18 71
seg 16 20 71
seg 16 21 71
seg 18 22 71
seg 19 21 71
seg 21 22 71
seg 8 13 72
seg 11 22 72
seg 14 15 72
seg 14 21 72
seg 14 23 72
seg 15 20 72
seg 16 21 72
seg 18 21 72
seg 19 21 72
seg 21 23 72
seg 10 23 73
seg 11 12 73
seg 11 13 73
seg 12 14 73
seg 16 17 73
seg 18 19 73
seg 18 21 73
seg 20 21 73
seg 10 13 74
seg 11 16 74
seg 12 17 74
seg 12 21 74
seg 14 22 74
seg 14 23 74
seg 15 21 74
seg 17 21 74
seg 22 23 74
seg 9 22 75
seg 11 12 75
seg 13 17 75
seg 14 16 75
seg 14 22 75
seg 17 22 75
seg 20 23 75
seg 21 22 75
seg 21 23 75
seg 22 23 75
seg 8 14 76
seg 12 13 76
seg 12 14 76
seg 13 20 76
seg 14 18 76
seg 14 21 76
seg 15 19 76
seg 16 20 76
seg 18 19 76
seg 18 23 76
seg 19 20 76
seg 20 23 76
seg 21 22 76
seg 21 23 76
seg 8 13 77
seg 11 21 77
seg 13 20 77
seg 18 22 77
seg 19 21 77
seg 19 23 77
seg 10 16 78
seg 11 15 78
seg 11 18 78
seg 12 20 78
seg 12 23 78
seg 13 16 78
seg 17 19 78
seg 22 23 78
seg 9 23 79
seg 10 19 79
seg 10 20 79
seg 12 18 79
seg 12 19 79
seg 16 20 79
seg 19 20 79
seg 20 21 79
seg 21 23 79
seg 22 23 79
seg 9 17 80
seg 10 22 80
seg 14 21 80
seg 16 17 80
seg 17 22 80
seg 18 19 80
seg 18 21 80
seg 18 22 80
seg 21 22 80
seg 21 23 80
seg 11 18 81
seg 11 19 81
seg 12 21 81
seg 13 20 81
seg 14 22 81
seg 16 17 81
seg 17 22 81
seg 19 20 81
seg 22 23 81
seg 9 18 82
seg 10 13 82
seg 10 18 82
seg 11 12 82
seg 15 19 82
seg 17 22 82
seg 17 23 82
seg 18 23 82
seg 19 20 82
seg 20 21 82
seg 21 22 82
seg 8 13 83
seg 18 20 83
seg 19 21 83
seg 20 23 83
seg 22 23 83
seg 8 19 84
seg 8 22 84
seg 9 22 84
seg 10 16 84
seg 12 22 84
seg 13 15 84
seg 16 17 84
seg 16 20 84
seg 17 22 84
seg 18 21 84
seg 18 23 84
seg 19 20 84
seg 19 21 84
seg 20 21 84
seg 21 23 84
seg 8 16 85
seg 10 18 85
seg 10 23 85
seg 13 21 85
seg 15 20 85
seg 16 20 85
seg 16 22 85
seg 19 20 85
seg 10 13 86
seg 12 17 86
seg 12 22 86
seg 13 22 86
seg 14 20 86
seg 15 23 86
seg 18 19 86
seg 18 20 86
seg 10 19 87
seg 12 21 87
seg 13 22 87
seg 16 20 87
seg 18 23 87
seg 20 23 87
seg 21 23 87
seg 8 11 88
seg 9 15 88
seg 9 22 88
seg 9 23 88
seg 10 22 88
seg 11 12 88
seg 13 15 88
seg 13 18 88
seg 14 16 88
seg 17 22 88
seg 18 19 88
seg 18 20 88
seg 19 22 88
seg 20 21 88
seg 8 18 89
seg 9 22 89
seg 12 20 89
seg 13 19 89
seg 13 23 89
seg 17 18 89
seg 17 19 89
seg 17 20 89
seg 18 23 89
seg 19 22 89
seg 20 22 89
seg 20 23 89
seg 8 13 90
seg 8 23 90
seg 9 14 90
seg 10 21 90
seg 12 16 90
seg 16 21 90
seg 17 22 90
seg 20 21 90
seg 22 23 90
seg 8 10 91
seg 9 17 91
seg 10 23 91
seg 11 19 91
seg 11 20 91
seg 13 14 91
seg 13 15 91
seg 15 22 91
seg 19 20 91
seg 20 21 91
seg 20 22 91
seg 21 22 91
seg 8 21 92
seg 9 10 92
seg 10 15 92
seg 10 19 92
seg 11 21 92
seg 15 16 92
seg 16 23 92
seg 18 20 92
seg 20 21 92
seg 21 22 92
seg 22 23 92
seg 10 22 93
seg 11 18 93
seg 15 16 93
seg 15 17 93
seg 16 17 93
seg 16 19 93
seg 16 20 93
seg 19 22 93
seg 19 23 93
seg 10 12 94
seg 10 19 94
seg 13 19 94
seg 14 17 94
seg 18 20 94
seg 18 21 94
seg 19 20 94
seg 20 22 94
seg 22 23 94
seg 9 15 95
seg 10 14 95
seg 11 17 95
seg 11 18 95
seg 13 18 95
seg 13 19 95
seg 13 23 95
seg 18 23 95
seg 20 23 95
seg 21 22 95
seg 21 23 95
seg 22 23 95
seg 8 12 96
seg 10 18 96
seg 11 16 96
seg 11 23 96
seg 13 15 96
seg 13 22 96
seg 14 17 96
seg 15 18 96
seg 15 20 96
seg 16 21 96
seg 17 21 96
seg 19 21 96
seg 19 22 96
seg 19 23 96
seg 22 23 96
seg 8 9 97
seg 10 16 97
seg 13 18 97
seg 13 23 97
seg 16 22 97
seg 19 21 97
seg 19 22 97
seg 20 21 97
seg 20 22 97
seg 21 22 97
seg 21 23 97
seg 9 10 98
seg 9 17 98
seg 9 22 98
seg 11 20 98
seg 12 18 98
seg 16 18 98
seg 16 23 98
seg 17 21 98
seg 17 23 98
seg 18 19 98
seg 21 23 98
seg 22 23 98
seg 9 19 99
seg 9 21 99
seg 10 16 99
seg 11 13 99
seg 13 19 99
seg 14 15 99
seg 14 21 99
seg 14 23 99
seg 15 17 99
seg 15 19 99
seg 17 21 99
seg 19 23 99
seg 22 23 99
seg 8 11 100
seg 8 23 100
seg 11 15 100
seg 12 13 100
seg 13 22 100
seg 14 22 100
seg 14 23 100
seg 15 20 100
seg 16 19 100
seg 16 21 100
