1001
dom 8 18 0
dom 9 13 0
dom 9 22 0
dom 10 18 0
dom 11 16 0
dom 12 17 0
dom 14 15 0
dom 15 19 0
dom 15 21 0
dom 19 23 0
dom 8 10 1
dom 8 18 1
dom 12 14 1
dom 12 19 1
dom 13 23 1
dom 14 21 1
dom 21 23 1
dom 9 12 2
dom 9 19 2
dom 12 18 2
dom 12 19 2
dom 12 23 2
dom 13 15 2
dom 14 23 2
dom 15 21 2
dom 16 19 2
dom 16 23 2
dom 17 19 2
dom 19 23 2
dom 22 23 2
dom 8 21 3
dom 10 19 3
dom 12 13 3
dom 14 18 3
dom 14 23 3
dom 18 20 3
dom 18 21 3
dom 19 20 3
dom 19 22 3
dom 19 23 3
dom 8 20 4
dom 9 19 4
dom 10 11 4
dom 12 23 4
dom 14 18 4
dom 14 23 4
dom 15 19 4
dom 21 23 4
dom 10 12 5
dom 10 14 5
dom 11 16 5
dom 11 20 5
dom 12 23 5
dom 13 23 5
dom 15 19 5
dom 18 21 5
dom 19 22 5
dom 20 21 5
dom 8 23 6
dom 10 23 6
dom 11 16 6
dom 15 21 6
dom 16 19 6
dom 18 21 6
dom 21 23 6
dom 9 13 7
dom 11 17 7
dom 13 16 7
dom 16 18 7
dom 16 23 7
dom 18 21 7
dom 19 22 7
dom 22 23 7
dom 8 20 8
dom 9 21 8
dom 9 23 8
dom 12 18 8
dom 14 20 8
dom 15 17 8
dom 15 20 8
dom 19 20 8
dom 20 23 8
dom 21 23 8
dom 8 22 9
dom 9 16 9
dom 11 19 9
dom 12 22 9
dom 15 20 9
dom 16 17 9
dom 16 20 9
dom 17 20 9
dom 21 22 9
dom 22 23 9
dom 8 15 10
dom 8 22 10
dom 9 10 10
dom 9 19 10
dom 11 14 10
dom 13 15 10
dom 13 18 10
dom 13 22 10
dom 15 22 10
dom 17 19 10
dom 17 20 10
dom 17 22 10
dom 18 19 10
dom 19 20 10
dom 20 23 10
dom 21 23 10
dom 9 11 11
dom 9 13 11
dom 9 20 11
dom 10 21 11
dom 10 23 11
dom 12 13 11
dom 12 14 11
dom 13 20 11
dom 15 19 11
dom 15 22 11
dom 16 17 11
dom 16 18 11
dom 16 23 11
dom 17 23 11
dom 22 23 11
dom 9 15 12
dom 9 16 12
dom 10 11 12
dom 12 13 12
dom 14 20 12
dom 14 23 12
dom 15 16 12
dom 16 18 12
dom 17 21 12
dom 18 21 12
dom 19 22 12
dom 9 11 13
dom 11 15 13
dom 12 17 13
dom 12 21 13
dom 14 19 13
dom 15 16 13
dom 17 20 13
dom 18 22 13
dom 18 23 13
dom 19 20 13
dom 22 23 13
dom 8 11 14
dom 9 20 14
dom 14 23 14
dom 15 20 14
dom 17 19 14
dom 18 23 14
dom 19 23 14
dom 21 23 14
dom 22 23 14
dom 10 18 15
dom 11 12 15
dom 12 22 15
dom 14 18 15
dom 14 20 15
dom 16 17 15
dom 16 20 15
dom 17 23 15
dom 21 22 15
dom 21 23 15
dom 11 17 16
dom 14 22 16
dom 15 16 16
dom 15 22 16
dom 21 22 16
dom 9 11 17
dom 12 19 17
dom 13 20 17
dom 17 19 17
dom 18 20 17
dom 20 21 17
dom 20 23 17
dom 21 22 17
dom 22 23 17
dom 8 23 18
dom 9 11 18
dom 9 13 18
dom 11 17 18
dom 16 22 18
dom 18 20 18
dom 18 22 18
dom 12 23 19
dom 15 18 19
dom 17 18 19
dom 17 20 19
dom 19 22 19
dom 19 23 19
dom 20 22 19
dom 22 23 19
dom 8 14 20
dom 10 20 20
dom 11 12 20
dom 12 19 20
dom 12 22 20
dom 13 14 20
dom 15 21 20
dom 16 22 20
dom 17 18 20
dom 17 23 20
dom 18 21 20
dom 19 21 20
dom 20 21 20
dom 21 23 20
dom 22 23 20
dom 8 22 21
dom 10 14 21
dom 10 15 21
dom 12 18 21
dom 12 21 21
dom 13 20 21
dom 13 22 21
dom 14 15 21
dom 14 17 21
dom 16 21 21
dom 17 23 21
dom 18 23 21
dom 21 22 21
dom 22 23 21
dom 9 14 22
dom 10 22 22
dom 12 20 22
dom 14 17 22
dom 18 21 22
dom 19 23 22
dom 20 21 22
dom 20 22 22
dom 22 23 22
dom 8 11 23
dom 8 18 23
dom 9 14 23
dom 9 20 23
dom 13 23 23
dom 14 15 23
dom 16 17 23
dom 18 19 23
dom 20 23 23
dom 21 23 23
dom 8 15 24
dom 10 11 24
dom 13 15 24
dom 14 20 24
dom 16 19 24
dom 16 21 24
dom 17 19 24
dom 19 23 24
dom 22 23 24
dom 9 15 25
dom 9 18 25
dom 10 19 25
dom 11 22 25
dom 14 18 25
dom 15 16 25
dom 18 20 25
dom 19 22 25
dom 8 10 26
dom 8 18 26
dom 9 23 26
dom 11 16 26
dom 12 14 26
dom 13 16 26
dom 14 15 26
dom 14 22 26
dom 16 21 26
dom 19 22 26
dom 20 21 26
dom 21 22 26
dom 22 23 26
dom 9 11 27
dom 9 20 27
dom 11 20 27
dom 12 17 27
dom 13 17 27
dom 13 18 27
dom 18 22 27
dom 19 23 27
dom 22 23 27
dom 8 22 28
dom 10 11 28
dom 10 13 28
dom 10 18 28
dom 12 14 28
dom 12 16 28
dom 14 18 28
dom 14 23 28
dom 15 22 28
dom 17 19 28
dom 17 23 28
dom 18 19 28
dom 19 22 28
dom 20 23 28
dom 22 23 28
dom 8 23 29
dom 15 21 29
dom 16 19 29
dom 20 22 29
dom 21 22 29
dom 11 22 30
dom 12 22 30
dom 13 16 30
dom 14 16 30
dom 15 19 30
dom 18 22 30
dom 20 21 30
dom 20 23 30
dom 22 23 30
dom 11 15 31
dom 13 14 31
dom 13 17 31
dom 13 18 31
dom 14 18 31
dom 16 23 31
dom 18 20 31
dom 19 20 31
dom 19 23 31
dom 20 22 31
dom 22 23 31
dom 9 22 32
dom 10 16 32
dom 10 18 32
dom 11 12 32
dom 11 16 32
dom 11 18 32
dom 13 17 32
dom 17 19 32
dom 18 21 32
dom 19 22 32
dom 19 23 32
dom 10 15 33
dom 12 18 33
dom 13 23 33
dom 14 17 33
dom 17 19 33
dom 19 22 33
dom 20 21 33
dom 22 23 33
dom 10 20 34
dom 13 14 34
dom 14 16 34
dom 14 20 34
dom 18 20 34
dom 20 22 34
dom 21 22 34
dom 22 23 34
dom 11 20 35
dom 13 23 35
dom 14 21 35
dom 17 20 35
dom 17 22 35
dom 18 20 35
dom 19 20 35
dom 21 22 35
dom 22 23 35
dom 8 21 36
dom 16 17 36
dom 16 23 36
dom 19 20 36
dom 20 23 36
dom 21 22 36
dom 21 23 36
dom 8 19 37
dom 11 20 37
dom 12 13 37
dom 13 17 37
dom 15 20 37
dom 17 19 37
dom 17 20 37
dom 17 22 37
dom 19 23 37
dom 22 23 37
dom 8 12 38
dom 8 22 38
dom 9 10 38
dom 10 14 38
dom 14 23 38
dom 15 22 38
dom 17 20 38
dom 18 21 38
dom 20 23 38
dom 22 23 38
dom 8 14 39
dom 8 19 39
dom 8 20 39
dom 10 11 39
dom 10 23 39
dom 11 14 39
dom 12 21 39
dom 15 19 39
dom 16 21 39
dom 16 22 39
dom 19 23 39
dom 20 21 39
dom 21 22 39
dom 22 23 39
dom 8 14 40
dom 9 21 40
dom 11 18 40
dom 11 23 40
dom 12 18 40
dom 14 16 40
dom 17 23 40
dom 19 21 40
dom 20 22 40
dom 20 23 40
dom 21 22 40
dom 21 23 40
dom 8 19 41
dom 9 12 41
dom 11 21 41
dom 12 13 41
dom 13 16 41
dom 13 23 41
dom 14 20 41
dom 15 18 41
dom 17 18 41
dom 13 15 42
dom 14 23 42
dom 16 21 42
dom 17 19 42
dom 17 21 42
dom 18 19 42
dom 21 22 42
dom 21 23 42
dom 22 23 42
dom 12 13 43
dom 12 14 43
dom 13 14 43
dom 15 22 43
dom 16 18 43
dom 17 22 43
dom 19 20 43
dom 22 23 43
dom 8 10 44
dom 11 12 44
dom 11 21 44
dom 12 22 44
dom 15 20 44
dom 16 18 44
dom 19 23 44
dom 20 21 44
dom 20 22 44
dom 10 20 45
dom 12 21 45
dom 13 15 45
dom 13 23 45
dom 15 20 45
dom 17 20 45
dom 18 22 45
dom 22 23 45
dom 8 21 46
dom 9 14 46
dom 10 22 46
dom 11 17 46
dom 12 16 46
dom 13 20 46
dom 14 21 46
dom 17 20 46
dom 17 22 46
dom 18 23 46
dom 21 22 46
dom 8 11 47
dom 9 21 47
dom 11 23 47
dom 15 20 47
dom 16 21 47
dom 17 18 47
dom 17 21 47
dom 18 22 47
dom 19 20 47
dom 20 22 47
dom 20 23 47
dom 8 16 48
dom 8 20 48
dom 9 10 48
dom 11 20 48
dom 12 18 48
dom 13 14 48
dom 16 22 48
dom 18 20 48
dom 18 22 48
dom 8 12 49
dom 9 20 49
dom 9 22 49
dom 12 13 49
dom 13 17 49
dom 13 23 49
dom 14 18 49
dom 17 21 49
dom 18 19 49
dom 19 23 49
dom 20 21 49
dom 21 23 49
dom 22 23 49
dom 8 21 50
dom 11 15 50
dom 11 19 50
dom 12 13 50
dom 12 18 50
dom 13 19 50
dom 15 16 50
dom 15 20 50
dom 15 21 50
dom 15 22 50
dom 16 19 50
dom 20 23 50
dom 21 22 50
dom 22 23 50
dom 8 9 51
dom 9 14 51
dom 11 14 51
dom 11 18 51
dom 13 14 51
dom 14 15 51
dom 14 22 51
dom 15 22 51
dom 17 21 51
dom 21 23 51
dom 22 23 51
dom 11 13 52
dom 11 19 52
dom 11 22 52
dom 12 21 52
dom 17 18 52
dom 17 19 52
dom 17 22 52
dom 18 23 52
dom 19 22 52
dom 22 23 52
dom 10 12 53
dom 10 18 53
dom 11 19 53
dom 16 22 53
dom 17 21 53
dom 21 23 53
dom 11 18 54
dom 15 22 54
dom 16 17 54
dom 16 18 54
dom 16 19 54
dom 17 22 54
dom 18 21 54
dom 21 22 54
dom 22 23 54
dom 8 16 55
dom 9 22 55
dom 10 21 55
dom 15 21 55
dom 16 21 55
dom 17 21 55
dom 18 20 55
dom 18 22 55
dom 19 20 55
dom 20 22 55
dom 21 22 55
dom 11 21 56
dom 11 22 56
dom 14 21 56
dom 17 18 56
dom 18 22 56
dom 22 23 56
dom 9 10 57
dom 9 23 57
dom 10 14 57
dom 10 20 57
dom 16 20 57
dom 18 19 57
dom 20 23 57
dom 21 22 57
dom 22 23 57
dom 8 10 58
dom 9 12 58
dom 9 23 58
dom 14 16 58
dom 14 18 58
dom 14 23 58
dom 20 22 58
dom 20 23 58
dom 21 22 58
dom 10 17 59
dom 11 13 59
dom 11 18 59
dom 13 15 59
dom 14 18 59
dom 18 20 59
dom 20 22 59
dom 21 23 59
dom 8 21 60
dom 9 11 60
dom 11 22 60
dom 13 17 60
dom 14 17 60
dom 14 18 60
dom 15 16 60
dom 15 22 60
dom 15 23 60
dom 16 22 60
dom 17 18 60
dom 17 20 60
dom 17 23 60
dom 18 23 60
dom 22 23 60
dom 9 11 61
dom 10 15 61
dom 11 16 61
dom 11 20 61
dom 14 17 61
dom 14 23 61
dom 15 19 61
dom 16 22 61
dom 20 21 61
dom 21 23 61
dom 8 9 62
dom 9 10 62
dom 9 12 62
dom 12 14 62
dom 14 15 62
dom 17 21 62
dom 18 19 62
dom 18 23 62
dom 19 20 62
dom 20 21 62
dom 9 11 63
dom 10 19 63
dom 11 16 63
dom 12 14 63
dom 13 14 63
dom 17 19 63
dom 21 23 63
dom 22 23 63
dom 8 16 64
dom 8 23 64
dom 9 12 64
dom 11 13 64
dom 11 17 64
dom 13 16 64
dom 14 15 64
dom 14 23 64
dom 16 20 64
dom 16 23 64
dom 17 22 64
dom 18 22 64
dom 19 21 64
dom 20 23 64
dom 22 23 64
dom 8 9 65
dom 8 23 65
dom 9 12 65
dom 9 13 65
dom 9 23 65
dom 10 12 65
dom 11 16 65
dom 16 19 65
dom 17 23 65
dom 18 22 65
dom 19 22 65
dom 20 22 65
dom 22 23 65
dom 9 10 66
dom 11 18 66
dom 14 22 66
dom 16 18 66
dom 17 18 66
dom 18 19 66
dom 19 20 66
dom 21 22 66
dom 21 23 66
dom 8 21 67
dom 11 14 67
dom 11 19 67
dom 15 18 67
dom 16 20 67
dom 18 19 67
dom 19 21 67
dom 20 22 67
dom 20 23 67
dom 21 23 67
dom 22 23 67
dom 10 11 68
dom 15 22 68
dom 16 21 68
dom 16 23 68
dom 17 22 68
dom 18 22 68
dom 19 20 68
dom 19 22 68
dom 8 15 69
dom 8 19 69
dom 9 11 69
dom 9 14 69
dom 9 23 69
dom 10 17 69
dom 10 18 69
dom 10 22 69
dom 13 20 69
dom 14 15 69
dom 14 18 69
dom 14 20 69
dom 17 22 69
dom 21 22 69
dom 22 23 69
dom 9 15 70
dom 11 18 70
dom 12 22 70
dom 13 23 70
dom 15 19 70
dom 15 23 70
dom 16 17 70
dom 17 18 70
dom 20 21 70
dom 20 22 70
dom 20 23 70
dom 21 22 70
dom 21 23 70
dom 22 23 70
dom 9 11 71
dom 11 14 71
dom 11 21 71
dom 16 17 71
dom 16 23 71
dom 19 20 71
dom 21 23 71
dom 8 13 72
dom 9 19 72
dom 11 13 72
dom 11 15 72
dom 12 15 72
dom 14 18 72
dom 15 19 72
dom 17 20 72
dom 19 22 72
dom 19 23 72
dom 21 22 72
dom 8 20 73
dom 9 18 73
dom 9 21 73
dom 10 17 73
dom 12 17 73
dom 13 18 73
dom 16 18 73
dom 16 19 73
dom 22 23 73
dom 8 11 74
dom 9 13 74
dom 9 14 74
dom 10 12 74
dom 10 20 74
dom 12 19 74
dom 13 21 74
dom 14 21 74
dom 16 17 74
dom 16 22 74
dom 17 22 74
dom 18 20 74
dom 19 22 74
dom 20 21 74
dom 20 23 74
dom 21 23 74
dom 8 19 75
dom 11 19 75
dom 14 21 75
dom 16 19 75
dom 16 21 75
dom 17 20 75
dom 17 23 75
dom 18 21 75
dom 19 20 75
dom 22 23 75
dom 8 21 76
dom 11 13 76
dom 11 18 76
dom 12 19 76
dom 13 14 76
dom 13 22 76
dom 14 23 76
dom 17 23 76
dom 18 23 76
dom 19 23 76
dom 20 21 76
dom 20 23 76
dom 10 14 77
dom 11 15 77
dom 12 18 77
dom 15 18 77
dom 16 18 77
dom 17 21 77
dom 18 19 77
dom 20 21 77
dom 20 22 77
dom 22 23 77
dom 11 13 78
dom 12 19 78
dom 14 20 78
dom 15 18 78
dom 15 20 78
dom 16 22 78
dom 21 22 78
dom 10 13 79
dom 14 18 79
dom 15 17 79
dom 15 20 79
dom 15 21 79
dom 16 19 79
dom 20 21 79
dom 22 23 79
dom 8 16 80
dom 9 11 80
dom 10 11 80
dom 10 12 80
dom 10 16 80
dom 13 17 80
dom 16 20 80
dom 17 20 80
dom 17 21 80
dom 18 20 80
dom 18 21 80
dom 19 22 80
dom 20 22 80
dom 20 23 80
dom 9 14 81
dom 10 11 81
dom 13 15 81
dom 16 17 81
dom 18 20 81
dom 19 20 81
dom 22 23 81
dom 8 13 82
dom 8 18 82
dom 9 15 82
dom 10 12 82
dom 10 23 82
dom 15 16 82
dom 15 17 82
dom 17 23 82
dom 19 20 82
dom 21 22 82
dom 8 12 83
dom 8 20 83
dom 9 16 83
dom 12 19 83
dom 15 23 83
dom 16 19 83
dom 16 20 83
dom 18 19 83
dom 18 22 83
dom 20 21 83
dom 21 22 83
dom 21 23 83
dom 22 23 83
dom 9 22 84
dom 10 13 84
dom 12 23 84
dom 14 16 84
dom 16 17 84
dom 18 20 84
dom 19 20 84
dom 19 21 84
dom 21 22 84
dom 21 23 84
dom 22 23 84
dom 10 22 85
dom 11 12 85
dom 11 13 85
dom 11 18 85
dom 14 22 85
dom 15 22 85
dom 19 21 85
dom 19 22 85
dom 19 23 85
dom 20 21 85
dom 22 23 85
dom 8 17 86
dom 9 14 86
dom 10 18 86
dom 10 23 86
dom 17 18 86
dom 17 19 86
dom 18 21 86
dom 19 22 86
dom 21 22 86
dom 11 17 87
dom 11 18 87
dom 13 21 87
dom 14 15 87
dom 16 19 87
dom 17 18 87
dom 17 22 87
dom 22 23 87
dom 8 23 88
dom 10 12 88
dom 13 19 88
dom 15 16 88
dom 17 18 88
dom 17 20 88
dom 18 21 88
dom 18 22 88
dom 19 23 88
dom 20 21 88
dom 21 22 88
dom 10 12 89
dom 12 21 89
dom 13 17 89
dom 13 19 89
dom 14 17 89
dom 14 19 89
dom 15 17 89
dom 15 22 89
dom 15 23 89
dom 17 18 89
dom 20 21 89
dom 21 22 89
dom 21 23 89
dom 9 23 90
dom 10 17 90
dom 12 16 90
dom 13 22 90
dom 13 23 90
dom 15 19 90
dom 16 22 90
dom 18 20 90
dom 19 22 90
dom 20 23 90
dom 22 23 90
dom 8 17 91
dom 11 22 91
dom 12 13 91
dom 12 16 91
dom 13 14 91
dom 13 17 91
dom 17 18 91
dom 18 20 91
dom 18 21 91
dom 22 23 91
dom 8 9 92
dom 8 16 92
dom 11 15 92
dom 13 17 92
dom 14 20 92
dom 16 20 92
dom 17 21 92
dom 18 20 92
dom 19 20 92
dom 22 23 92
dom 8 12 93
dom 8 19 93
dom 9 16 93
dom 10 22 93
dom 11 18 93
dom 12 19 93
dom 17 22 93
dom 18 20 93
dom 20 23 93
dom 10 12 94
dom 10 13 94
dom 11 12 94
dom 14 23 94
dom 14 16 95
dom 15 17 95
dom 16 19 95
dom 17 18 95
dom 19 23 95
dom 9 14 96
dom 10 21 96
dom 11 16 96
dom 12 17 96
dom 14 22 96
dom 16 23 96
dom 19 22 96
dom 21 22 96
dom 22 23 96
dom 9 11 97
dom 9 12 97
dom 13 16 97
dom 16 23 97
dom 21 23 97
dom 10 23 98
dom 12 16 98
dom 13 14 98
dom 15 16 98
dom 15 20 98
dom 22 23 98
dom 12 17 99
dom 13 15 99
dom 15 21 99
dom 16 18 99
dom 16 19 99
dom 19 22 99
dom 20 22 99
dom 10 17 100
dom 13 17 100
dom 14 17 100
dom 16 19 100
dom 17 20 100
dom 17 22 100
dom 19 22 100
dom 20 21 100
dom 21 22 100
dom 21 23 100
